1 2 3 4 -99 
8 9 4 7 -99 
10 4 -99 -99 -99 
11 10 3 4 -99 
6 10 3 4 -99 
8 6 10 4 -99 
8 12 6 4 -99 
12 6 4 -99 -99 
12 9 13 4 -99 
1 9 4 7 -99 
14 15 4 -99 -99 
6 16 4 5 -99 
6 3 4 7 -99 
17 3 4 7 -99 
3 4 7 5 -99 
6 3 4 7 -99 
18 3 4 7 5 
6 19 3 4 -99 
11 13 4 5 -99 
9 4 5 -99 -99 
12 6 20 4 -99 
6 21 4 7 -99 
10 3 4 22 -99 
10 3 4 22 -99 
10 3 4 22 -99 
10 3 4 22 -99 
6 3 4 -99 -99 
6 3 4 -99 -99 
8 6 10 4 -99 
6 3 4 -99 -99 
6 10 4 -99 -99 
6 10 3 4 -99 
6 3 4 -99 -99 
10 3 4 22 -99 
23 10 4 22 -99 
23 10 4 22 -99 
12 24 10 4 -99 
12 6 10 4 -99 
12 24 4 5 -99 
11 13 10 4 -99 
23 25 10 4 -99 
21 10 3 4 -99 
1 6 3 4 -99 
1 6 3 4 -99 
6 10 4 -99 -99 
24 3 4 5 -99 
26 24 4 5 -99 
6 2 4 7 -99 
10 4 22 -99 -99 
6 10 4 7 -99 
6 10 4 7 -99 
3 4 7 5 -99 
21 4 7 5 -99 
14 3 4 7 -99 
6 3 4 7 -99 
6 3 4 7 -99 
6 3 4 7 -99 
10 3 4 22 -99 
8 6 3 4 -99 
6 10 4 22 -99 
6 3 4 -99 -99 
6 2 3 -99 -99 
6 3 4 5 -99 
6 24 3 4 -99 
8 6 24 4 -99 
12 6 4 5 -99 
1 24 3 4 -99 
6 27 4 5 -99 
6 24 3 4 -99 
28 6 4 5 -99 
1 29 4 5 -99 
1 2 4 5 -99 
28 6 4 5 -99 
6 24 3 4 -99 
6 4 5 22 -99 
30 24 4 5 -99 
6 24 3 4 -99 
6 2 31 4 -99 
2 4 7 5 -99 
24 3 4 7 -99 
3 4 7 5 -99 
6 3 4 5 -99 
6 4 5 -99 -99 
12 4 5 -99 -99 
12 6 4 5 -99 
12 4 7 5 -99 
1 24 3 4 -99 
6 24 3 4 -99 
1 32 4 5 -99 
2 3 4 7 -99 
33 34 3 -99 -99 
33 34 3 -99 -99 
33 34 35 -99 -99 
36 37 3 -99 -99 
37 3 -99 -99 -99 
37 13 3 -99 -99 
37 13 3 -99 -99 
38 13 3 -99 -99 
37 39 3 -99 -99 
38 39 3 -99 -99 
40 34 35 -99 -99 
33 34 3 -99 -99 
33 34 35 -99 -99 
33 2 34 -99 -99 
33 34 3 -99 -99 
33 34 35 -99 -99 
33 34 3 -99 -99 
33 34 35 -99 -99 
33 34 35 -99 -99 
33 34 35 -99 -99 
33 34 35 -99 -99 
33 34 35 -99 -99 
33 34 35 -99 -99 
33 34 3 -99 -99 
33 34 -99 -99 -99 
33 34 3 -99 -99 
38 37 3 -99 -99 
33 34 3 -99 -99 
33 34 35 -99 -99 
33 34 35 -99 -99 
37 3 -99 -99 -99 
33 34 3 -99 -99 
42 33 34 35 -99 
42 33 34 3 -99 
42 33 34 3 -99 
37 3 7 -99 -99 
33 34 3 -99 -99 
42 33 34 43 -99 
42 33 34 -99 -99 
42 33 34 3 -99 
42 33 34 3 -99 
42 33 34 3 -99 
42 33 34 3 -99 
42 33 34 3 -99 
42 33 34 3 -99 
42 33 34 3 -99 
33 34 35 -99 -99 
33 34 3 -99 -99 
33 34 3 -99 -99 
33 34 3 -99 -99 
33 34 3 -99 -99 
33 34 3 -99 -99 
33 34 3 -99 -99 
33 34 35 -99 -99 
33 34 35 -99 -99 
6 34 3 5 -99 
6 33 34 3 -99 
33 34 3 44 -99 
45 33 34 3 -99 
33 34 3 44 -99 
33 34 3 44 -99 
33 34 3 44 -99 
33 34 3 44 -99 
33 34 3 44 -99 
45 33 34 3 -99 
33 34 44 -99 -99 
33 34 -99 -99 -99 
33 34 35 -99 -99 
45 33 34 -99 -99 
33 34 3 -99 -99 
33 34 44 -99 -99 
33 34 -99 -99 -99 
33 34 3 -99 -99 
33 34 3 -99 -99 
45 33 34 -99 -99 
45 34 41 3 -99 
45 34 41 3 -99 
45 34 41 3 -99 
45 34 41 3 -99 
34 41 3 44 -99 
34 41 3 44 -99 
34 41 3 44 -99 
34 41 3 -99 -99 
34 41 3 -99 -99 
34 41 3 -99 -99 
34 41 35 -99 -99 
34 41 3 -99 -99 
34 41 3 -99 -99 
34 41 3 -99 -99 
34 41 35 -99 -99 
46 47 48 49 -99 
46 47 48 -99 -99 
46 47 48 49 -99 
46 47 48 49 -99 
46 50 47 48 -99 
46 17 47 48 -99 
46 50 47 48 -99 
46 50 47 48 -99 
46 50 47 5 -99 
46 47 48 49 -99 
46 50 47 48 -99 
46 47 49 -99 -99 
46 47 49 -99 -99 
46 50 47 48 -99 
46 47 48 49 -99 
46 50 47 48 -99 
46 50 47 48 -99 
46 50 47 48 -99 
46 50 47 48 -99 
46 51 50 47 -99 
46 51 47 48 -99 
46 47 49 -99 -99 
46 50 47 48 -99 
46 50 47 48 -99 
46 51 47 48 -99 
46 47 48 49 -99 
46 50 47 48 -99 
46 47 48 49 -99 
46 47 49 -99 -99 
46 50 47 48 -99 
46 50 47 48 -99 
46 47 48 49 -99 
46 52 53 5 -99 
46 52 16 54 -99 
46 52 16 3 -99 
46 52 48 -99 -99 
46 52 55 7 -99 
46 52 56 54 -99 
46 52 57 5 -99 
46 52 58 59 -99 
46 52 59 -99 -99 
46 52 57 5 -99 
46 52 58 16 -99 
46 52 60 5 -99 
46 52 58 61 -99 
46 52 57 5 -99 
46 52 53 5 -99 
11 46 52 62 -99 
46 52 59 -99 -99 
46 52 48 5 -99 
46 52 16 61 -99 
46 52 63 7 -99 
46 52 16 -99 -99 
46 52 3 7 -99 
46 52 16 5 -99 
46 52 64 5 -99 
46 52 16 5 -99 
46 52 65 5 -99 
46 52 51 5 -99 
46 52 55 15 -99 
46 52 53 5 -99 
46 52 55 7 -99 
46 5 -99 -99 -99 
46 66 61 5 -99 
46 16 66 5 -99 
46 -99 -99 -99 -99 
46 66 61 5 -99 
46 66 5 -99 -99 
46 67 -99 -99 -99 
46 5 -99 -99 -99 
46 16 66 51 -99 
46 66 57 5 -99 
46 66 61 5 -99 
46 16 66 61 -99 
46 5 -99 -99 -99 
46 16 66 61 -99 
46 16 66 61 -99 
46 66 60 5 -99 
46 58 16 66 -99 
46 66 57 5 -99 
46 16 66 5 -99 
46 66 5 -99 -99 
46 5 -99 -99 -99 
11 46 66 5 -99 
46 16 66 61 -99 
46 5 -99 -99 -99 
11 46 66 5 -99 
46 5 -99 -99 -99 
46 16 66 48 -99 
46 66 57 5 -99 
68 69 13 -99 -99 
11 3 71 -99 -99 
72 -99 -99 -99 -99 
11 18 13 7 -99 
11 18 13 7 -99 
11 18 7 5 -99 
16 18 7 5 -99 
11 13 5 -99 -99 
11 18 71 7 -99 
11 12 18 7 -99 
11 3 7 5 -99 
11 13 71 7 -99 
6 30 71 5 -99 
11 18 71 7 -99 
11 12 71 5 -99 
11 18 73 7 -99 
13 5 -99 -99 -99 
11 30 7 -99 -99 
11 18 7 -99 -99 
75 45 -99 -99 -99 
14 76 10 -99 -99 
75 45 -99 -99 -99 
77 78 73 10 -99 
45 79 5 -99 -99 
75 45 79 5 -99 
75 45 79 5 -99 
80 79 13 5 -99 
30 13 5 -99 -99 
11 13 3 5 -99 
30 27 3 -99 -99 
21 27 -99 -99 -99 
30 18 7 5 -99 
11 27 7 5 -99 
11 18 71 7 -99 
11 18 71 7 -99 
6 30 3 71 -99 
11 18 71 7 -99 
11 13 71 5 -99 
6 3 71 5 -99 
6 45 63 81 -99 
6 53 71 5 -99 
6 45 3 71 -99 
6 3 71 5 -99 
27 71 7 5 -99 
27 71 7 5 -99 
11 18 7 5 -99 
11 12 30 5 -99 
11 18 7 5 -99 
11 18 7 5 -99 
11 13 5 -99 -99 
6 5 -99 -99 -99 
11 82 30 62 5 
11 62 83 5 -99 
11 83 3 5 -99 
2 84 3 5 -99 
30 84 3 5 -99 
11 30 7 5 -99 
12 30 13 5 -99 
11 30 83 5 -99 
6 30 3 5 -99 
6 13 3 5 -99 
45 63 2 3 -99 
45 16 2 3 -99 
85 16 7 -99 -99 
6 2 3 7 -99 
21 2 5 -99 -99 
2 7 5 -99 -99 
75 30 86 5 -99 
11 18 3 7 -99 
18 3 7 87 -99 
11 83 7 5 -99 
28 84 7 -99 -99 
88 30 89 5 -99 
28 88 7 89 -99 
51 15 7 -99 -99 
90 91 13 92 -99 
90 65 3 92 -99 
93 13 5 -99 -99 
88 70 5 -99 -99 
88 70 7 -99 -99 
11 12 27 5 -99 
11 12 83 5 -99 
94 30 3 5 -99 
30 2 3 5 -99 
45 30 62 5 -99 
30 95 10 5 -99 
11 13 83 -99 -99 
95 3 7 5 -99 
6 95 3 5 -99 
3 7 5 -99 -99 
96 53 97 5 -99 
96 51 97 7 -99 
96 53 97 5 -99 
96 55 51 97 -99 
96 55 16 97 -99 
96 55 97 7 -99 
96 16 97 5 -99 
96 97 7 -99 -99 
98 96 16 97 -99 
96 55 51 97 -99 
96 55 97 5 -99 
96 55 97 7 -99 
96 54 97 7 -99 
96 55 16 97 -99 
96 53 97 5 -99 
98 96 97 7 -99 
98 96 97 5 -99 
98 96 55 97 -99 
96 16 97 5 -99 
98 96 16 97 -99 
96 53 97 5 -99 
96 16 97 -99 -99 
96 16 51 97 -99 
96 16 97 7 -99 
98 96 16 97 -99 
96 53 97 5 -99 
96 16 97 5 -99 
96 62 97 5 -99 
96 51 97 5 -99 
96 54 97 5 -99 
96 16 97 5 -99 
96 62 97 5 -99 
96 97 7 5 -99 
96 62 97 5 -99 
96 97 7 5 -99 
98 96 55 97 -99 
96 55 97 5 -99 
96 51 97 5 -99 
96 16 51 97 -99 
96 55 97 7 -99 
96 16 97 5 -99 
96 16 97 5 -99 
96 16 97 5 -99 
96 62 97 5 -99 
98 96 55 97 -99 
98 96 55 97 -99 
96 16 83 97 -99 
96 55 97 7 -99 
96 55 97 7 -99 
96 55 97 -99 -99 
96 16 83 97 -99 
96 62 97 5 -99 
98 96 60 97 -99 
96 16 97 5 -99 
96 55 16 97 -99 
96 62 97 5 -99 
96 62 97 5 -99 
96 62 97 5 -99 
98 96 55 97 -99 
96 55 16 97 -99 
96 16 51 97 -99 
96 16 54 97 -99 
96 62 97 5 -99 
98 96 55 97 -99 
98 96 60 97 -99 
96 62 97 5 -99 
98 96 55 97 -99 
96 16 97 5 -99 
98 96 55 97 -99 
96 16 51 97 -99 
96 51 97 5 -99 
98 96 51 97 -99 
96 97 5 -99 -99 
98 96 55 97 -99 
98 96 55 97 -99 
98 55 16 97 -99 
96 16 54 97 -99 
96 62 97 5 -99 
96 16 97 5 -99 
96 16 97 5 -99 
96 62 97 5 -99 
96 55 97 7 -99 
96 16 97 5 -99 
98 96 55 97 -99 
98 96 55 97 -99 
96 16 97 5 -99 
96 62 97 5 -99 
96 16 62 97 -99 
96 16 97 5 -99 
96 51 3 97 -99 
99 64 48 -99 -99 
99 16 100 43 -99 
99 16 101 48 -99 
55 99 48 92 -99 
14 99 51 48 -99 
99 48 43 7 -99 
55 99 16 43 -99 
99 102 48 43 -99 
99 57 62 5 -99 
99 69 101 48 -99 
55 99 16 51 -99 
55 99 16 63 -99 
99 16 62 -99 -99 
99 102 48 103 -99 
55 99 16 101 -99 
99 16 63 43 -99 
55 99 16 7 -99 
65 99 51 48 -99 
55 99 16 43 -99 
55 99 3 7 -99 
99 57 48 5 -99 
55 99 16 63 -99 
99 16 3 7 -99 
55 99 16 7 -99 
104 99 16 62 -99 
105 99 62 102 -99 
104 106 99 62 -99 
99 54 107 43 -99 
99 54 108 107 -99 
104 55 99 7 -99 
99 54 107 43 -99 
109 99 108 62 -99 
99 54 43 -99 -99 
104 55 99 16 -99 
104 109 99 54 -99 
104 99 16 3 -99 
110 19 48 7 -99 
110 63 48 -99 -99 
106 110 3 48 -99 
106 110 16 3 -99 
6 110 63 3 -99 
104 110 16 54 -99 
104 110 57 5 -99 
104 110 57 5 -99 
110 16 51 48 -99 
110 111 48 43 -99 
110 51 48 -99 -99 
110 16 62 -99 -99 
110 16 48 -99 -99 
110 63 3 7 -99 
104 110 -99 -99 -99 
104 110 57 5 -99 
104 110 55 -99 -99 
65 110 51 48 -99 
106 110 3 48 -99 
110 55 48 7 -99 
110 63 17 48 -99 
110 21 3 48 -99 
110 55 101 48 -99 
110 19 48 -99 -99 
65 110 51 48 -99 
104 110 57 5 -99 
110 19 3 48 -99 
110 101 48 7 -99 
110 17 102 48 -99 
110 53 5 -99 -99 
16 101 48 -99 -99 
112 106 99 48 -99 
112 55 99 48 -99 
109 99 7 -99 -99 
99 50 57 5 -99 
112 99 48 -99 -99 
112 99 48 43 -99 
112 99 62 48 -99 
112 99 51 48 -99 
112 99 101 48 -99 
112 99 62 -99 -99 
112 99 57 5 -99 
99 16 49 -99 -99 
112 99 62 48 -99 
112 99 16 49 -99 
112 99 16 -99 -99 
112 99 48 -99 -99 
99 50 57 5 -99 
112 99 51 48 -99 
112 99 16 48 -99 
99 100 62 7 -99 
99 100 62 7 -99 
99 100 62 7 -99 
99 100 62 7 -99 
6 30 113 5 -99 
19 27 113 5 -99 
105 3 5 -99 -99 
105 3 114 5 -99 
116 19 117 3 -99 
12 116 113 5 -99 
105 6 19 5 -99 
12 113 3 5 -99 
12 113 3 5 -99 
6 118 3 5 -99 
116 3 114 5 -99 
12 118 114 5 -99 
12 114 5 119 -99 
12 118 5 -99 -99 
12 28 118 5 -99 
12 118 3 -99 -99 
12 3 114 -99 -99 
12 28 113 3 -99 
12 120 113 5 -99 
116 113 121 5 -99 
28 3 114 -99 -99 
28 74 -99 -99 -99 
28 13 74 114 -99 
28 122 114 119 -99 
118 113 5 119 -99 
113 3 5 119 -99 
12 13 5 22 -99 
65 113 5 119 -99 
113 3 121 119 -99 
13 113 3 119 -99 
116 65 113 114 -99 
116 65 3 -99 -99 
116 19 3 5 -99 
116 3 71 114 -99 
88 123 -99 -99 -99 
124 125 126 -99 -99 
124 72 125 -99 -99 
19 120 113 5 -99 
13 120 126 128 -99 
129 62 113 -99 -99 
120 126 128 -99 -99 
28 13 120 126 -99 
19 13 71 5 -99 
65 82 13 -99 -99 
12 19 71 5 -99 
94 2 3 5 -99 
12 2 3 5 -99 
12 105 13 5 -99 
12 94 13 5 -99 
12 19 5 -99 -99 
12 118 89 5 -99 
72 120 89 -99 -99 
130 125 123 -99 -99 
28 94 114 5 -99 
105 94 114 5 -99 
105 113 114 5 -99 
105 113 114 5 -99 
28 105 131 114 -99 
94 132 133 5 -99 
2 113 71 5 -99 
12 113 71 5 -99 
12 111 53 5 -99 
28 111 3 -99 -99 
134 111 13 126 -99 
28 3 121 -99 -99 
28 135 136 137 -99 
136 138 133 -99 -99 
139 120 125 -99 -99 
36 125 140 -99 -99 
13 115 -99 -99 -99 
13 113 5 -99 -99 
19 113 5 -99 -99 
125 141 126 121 -99 
72 125 -99 -99 -99 
72 -99 -99 -99 -99 
72 120 141 126 -99 
28 19 5 -99 -99 
19 2 142 7 -99 
72 143 125 -99 -99 
94 2 5 22 -99 
16 13 144 145 -99 
21 13 115 -99 -99 
12 19 30 5 -99 
13 120 126 128 -99 
94 19 114 5 -99 
28 3 126 -99 -99 
146 59 147 123 -99 
19 2 5 -99 -99 
28 142 3 7 -99 
6 19 3 71 -99 
148 13 149 126 -99 
148 13 149 126 -99 
134 13 125 126 -99 
28 13 147 126 -99 
28 134 126 -99 -99 
28 13 126 7 -99 
28 59 13 125 -99 
72 125 126 -99 -99 
72 59 125 126 -99 
72 125 126 -99 -99 
125 126 -99 -99 -99 
72 125 126 -99 -99 
13 126 7 89 -99 
28 126 7 -99 -99 
28 134 13 126 -99 
134 122 126 -99 -99 
13 3 122 126 -99 
134 125 141 126 -99 
13 149 141 126 -99 
72 149 123 -99 -99 
72 150 59 73 -99 
136 148 126 151 -99 
72 151 7 -99 -99 
28 3 137 126 -99 
28 134 126 7 -99 
28 134 126 7 -99 
28 3 126 7 -99 
28 152 126 7 -99 
28 152 126 7 -99 
28 3 126 7 -99 
136 153 13 7 -99 
28 153 141 126 -99 
28 88 126 7 -99 
150 38 13 126 -99 
28 126 7 -99 -99 
28 38 126 7 -99 
153 3 126 7 -99 
28 134 3 126 -99 
28 137 126 7 -99 
28 126 7 -99 -99 
28 137 126 7 -99 
28 141 126 7 -99 
28 3 126 7 -99 
28 13 3 126 -99 
28 154 122 126 -99 
28 154 122 126 -99 
28 19 126 -99 -99 
28 19 126 -99 -99 
28 3 137 126 -99 
28 3 126 7 -99 
28 3 126 7 -99 
28 3 138 7 -99 
28 3 137 123 -99 
28 134 3 126 -99 
28 3 122 7 -99 
155 153 -99 -99 -99 
28 134 126 7 -99 
28 134 3 126 -99 
156 153 126 7 -99 
28 126 7 -99 -99 
134 122 126 -99 -99 
28 134 13 126 -99 
28 3 122 7 -99 
28 134 3 126 -99 
28 134 122 126 -99 
28 134 122 126 -99 
28 13 125 126 -99 
28 13 122 126 -99 
28 134 122 126 -99 
28 149 137 126 -99 
28 59 157 122 -99 
28 157 125 122 -99 
28 157 73 125 -99 
28 157 73 125 -99 
28 13 122 126 -99 
28 158 157 126 -99 
28 53 137 123 -99 
134 159 13 7 -99 
28 136 156 7 -99 
28 134 3 126 -99 
13 125 126 7 -99 
28 124 126 -99 -99 
28 134 122 126 -99 
3 126 -99 -99 -99 
28 137 126 123 -99 
28 59 160 7 -99 
28 156 160 7 -99 
28 13 7 -99 -99 
28 13 122 126 -99 
28 13 122 126 -99 
76 13 86 10 -99 
77 79 5 -99 -99 
65 75 79 -99 -99 
65 79 73 10 161 
79 73 -99 -99 -99 
75 79 62 -99 -99 
65 79 10 161 -99 
75 79 10 161 -99 
75 79 73 -99 -99 
75 79 10 140 -99 
75 79 86 -99 -99 
163 75 78 79 -99 
75 78 79 86 -99 
75 78 79 -99 -99 
75 78 164 79 -99 
163 75 78 79 -99 
65 75 79 86 -99 
75 79 86 -99 -99 
75 79 86 -99 -99 
75 79 62 -99 -99 
75 79 -99 -99 -99 
75 79 86 -99 -99 
75 79 86 -99 -99 
26 75 79 86 -99 
36 75 79 140 -99 
75 79 86 -99 -99 
75 79 -99 -99 -99 
75 79 86 -99 -99 
75 78 79 86 -99 
75 79 86 121 -99 
165 75 78 79 -99 
75 78 79 13 -99 
75 166 79 86 -99 
77 75 79 -99 -99 
75 79 86 -99 -99 
75 79 86 -99 -99 
75 79 86 -99 -99 
75 79 86 -99 -99 
75 79 86 -99 -99 
75 79 86 -99 -99 
75 76 79 86 10 
77 75 79 86 -99 
75 76 79 86 10 
75 79 86 62 -99 
75 76 79 86 10 
77 75 79 86 -99 
79 83 10 -99 -99 
77 75 79 140 -99 
75 79 13 34 -99 
75 78 79 10 161 
75 79 13 34 -99 
75 78 79 -99 -99 
75 76 79 13 10 
75 79 13 86 -99 
75 79 86 -99 -99 
75 79 86 -99 -99 
75 79 13 34 -99 
75 79 13 86 -99 
75 76 79 13 10 
77 75 79 86 -99 
75 79 86 -99 -99 
77 75 79 -99 -99 
75 79 86 10 -99 
75 79 86 -99 -99 
75 78 79 86 -99 
75 79 86 -99 -99 
75 79 86 -99 -99 
77 75 79 86 -99 
75 79 73 86 -99 
75 79 86 -99 -99 
75 78 79 86 -99 
75 78 79 86 -99 
75 78 79 86 -99 
75 79 86 -99 -99 
77 75 79 86 -99 
75 79 86 -99 -99 
77 75 79 86 -99 
75 79 86 -99 -99 
75 78 79 -99 -99 
77 75 79 -99 -99 
75 79 86 -99 -99 
77 75 79 -99 -99 
75 78 79 -99 -99 
75 79 86 -99 -99 
75 76 79 86 10 
75 79 62 -99 -99 
75 78 79 86 -99 
75 78 79 86 -99 
75 166 79 86 -99 
75 79 86 -99 -99 
136 168 13 7 -99 
169 3 137 7 -99 
169 59 137 151 -99 
169 170 137 151 -99 
169 151 7 -99 -99 
169 13 151 -99 -99 
173 141 174 -99 -99 
65 173 141 174 -99 
13 120 -99 -99 -99 
13 -99 -99 -99 -99 
13 -99 -99 -99 -99 
139 13 120 -99 -99 
12 13 3 5 -99 
12 2 13 5 -99 
12 2 13 5 -99 
12 13 5 -99 -99 
12 68 13 5 -99 
12 2 13 5 -99 
12 2 13 5 -99 
12 3 5 -99 -99 
12 3 89 5 -99 
12 175 122 5 -99 
12 6 122 5 -99 
12 2 122 5 -99 
12 6 2 5 -99 
124 157 13 125 -99 
12 118 122 5 -99 
12 118 19 5 -99 
12 53 120 5 -99 
12 111 120 5 -99 
12 3 122 5 -99 
28 111 120 122 -99 
28 158 168 120 -99 
176 120 177 128 -99 
176 13 120 128 -99 
28 136 178 154 -99 
13 73 123 -99 -99 
176 111 13 120 -99 
166 176 128 -99 -99 
176 120 125 -99 -99 
176 125 174 -99 -99 
72 120 125 -99 -99 
166 176 157 -99 -99 
176 157 120 125 -99 
78 176 157 120 -99 
36 179 157 125 -99 
118 111 53 122 -99 
28 118 111 122 -99 
12 28 122 5 -99 
12 28 122 5 -99 
28 118 122 5 -99 
28 111 122 -99 -99 
28 3 138 -99 -99 
28 134 126 -99 -99 
125 141 126 -99 -99 
180 141 126 174 -99 
111 53 141 122 -99 
134 111 141 126 -99 
111 141 126 174 -99 
111 13 126 -99 -99 
28 125 126 -99 -99 
111 141 126 -99 -99 
28 141 126 -99 -99 
28 141 126 -99 -99 
12 21 3 5 -99 
12 3 122 5 -99 
12 28 118 -99 -99 
28 118 5 -99 -99 
8 12 5 -99 -99 
12 28 3 5 -99 
53 5 -99 -99 -99 
53 5 -99 -99 -99 
176 13 125 141 -99 
23 157 181 -99 -99 
157 13 125 -99 -99 
28 134 126 -99 -99 
13 120 125 126 -99 
28 118 3 7 -99 
111 125 -99 -99 -99 
28 3 122 -99 -99 
2 3 137 -99 -99 
3 137 7 -99 -99 
141 3 137 -99 -99 
28 3 137 -99 -99 
12 13 71 5 -99 
6 168 3 123 -99 
182 183 160 137 -99 
13 137 126 -99 -99 
183 160 137 -99 -99 
12 118 2 5 -99 
183 142 137 -99 -99 
28 184 3 126 -99 
28 135 136 158 -99 
54 142 3 7 -99 
184 16 142 123 -99 
135 136 156 3 -99 
135 185 128 123 -99 
6 142 5 -99 -99 
186 142 3 123 -99 
160 142 137 7 -99 
156 160 142 137 -99 
6 142 5 -99 -99 
160 142 187 -99 -99 
6 21 142 5 -99 
136 142 123 -99 -99 
136 142 -99 -99 -99 
54 142 3 7 -99 
156 142 3 7 -99 
160 142 137 7 -99 
156 142 3 71 -99 
186 142 13 -99 -99 
142 13 -99 -99 -99 
178 125 141 174 -99 
186 13 126 -99 -99 
156 111 142 53 -99 
160 142 5 -99 -99 
111 13 -99 -99 -99 
53 62 137 5 -99 
156 111 142 53 -99 
6 142 3 7 -99 
13 62 137 5 -99 
188 184 3 137 -99 
28 158 88 123 -99 
59 88 123 -99 -99 
160 189 137 7 -99 
188 158 184 3 -99 
59 16 131 123 -99 
28 156 5 123 -99 
28 188 3 -99 -99 
28 6 3 126 -99 
28 131 3 -99 -99 
28 141 3 174 -99 
28 6 3 119 -99 
28 3 126 -99 -99 
158 123 -99 -99 -99 
28 184 13 137 -99 
16 88 3 123 -99 
28 13 125 126 -99 
12 6 3 5 -99 
190 158 3 -99 -99 
28 1 122 -99 -99 
28 59 13 126 -99 
12 28 3 5 -99 
28 3 122 -99 -99 
28 38 13 126 -99 
12 28 3 5 -99 
12 28 3 5 -99 
3 122 126 -99 -99 
28 136 13 122 -99 
12 118 3 5 -99 
12 28 118 5 -99 
28 3 122 -99 -99 
28 3 123 -99 -99 
28 158 147 -99 -99 
12 28 6 5 -99 
135 184 137 121 -99 
28 135 156 5 -99 
135 184 137 121 -99 
135 160 7 -99 -99 
28 135 136 123 -99 
191 135 136 123 -99 
135 13 -99 -99 -99 
135 136 13 137 -99 
135 136 156 5 -99 
135 65 186 192 -99 
135 158 186 123 -99 
135 186 13 126 -99 
135 186 13 126 -99 
135 186 13 126 -99 
135 6 136 137 -99 
28 135 184 3 -99 
135 6 136 147 -99 
28 135 152 137 -99 
135 184 152 -99 -99 
193 3 7 123 -99 
19 172 71 7 -99 
147 125 126 123 -99 
28 38 147 123 -99 
28 184 38 126 -99 
19 4 81 -99 -99 
28 172 62 -99 -99 
1 19 172 7 -99 
2 62 151 7 -99 
1 172 7 -99 -99 
134 148 111 7 -99 
28 148 13 3 -99 
141 133 121 174 -99 
28 38 3 121 -99 
28 13 133 121 -99 
136 13 133 121 -99 
194 195 13 121 -99 
136 192 13 102 -99 
13 -99 -99 -99 -99 
194 195 13 121 -99 
172 7 -99 -99 -99 
28 62 3 123 -99 
28 72 111 153 -99 
194 176 13 128 -99 
28 3 126 -99 -99 
194 72 141 -99 -99 
196 111 123 -99 -99 
72 111 197 -99 -99 
72 154 198 13 -99 
194 188 18 13 -99 
188 13 -99 -99 -99 
194 188 13 -99 -99 
188 78 -99 -99 -99 
188 160 159 -99 -99 
28 116 188 -99 -99 
16 172 2 7 -99 
191 111 177 102 -99 
184 137 133 121 -99 
195 13 126 -99 -99 
194 13 126 -99 -99 
188 143 121 -99 -99 
194 13 3 -99 -99 
188 1 172 3 -99 
28 188 1 122 -99 
200 154 4 -99 -99 
191 136 3 -99 -99 
191 28 197 123 -99 
136 148 157 13 -99 
157 125 -99 -99 -99 
13 125 -99 -99 -99 
195 13 125 -99 -99 
16 13 -99 -99 -99 
136 157 125 -99 -99 
1 21 19 -99 -99 
157 141 121 174 -99 
188 136 3 7 -99 
194 188 72 197 -99 
58 45 21 172 -99 
188 143 13 121 -99 
188 137 -99 -99 -99 
1 19 172 122 -99 
12 28 122 5 -99 
154 13 74 -99 -99 
1 2 151 7 -99 
28 137 121 -99 -99 
11 19 13 -99 -99 
188 133 -99 -99 -99 
90 65 137 -99 -99 
54 13 -99 -99 -99 
1 19 3 7 -99 
188 148 5 -99 -99 
72 201 7 -99 -99 
28 188 136 3 -99 
28 188 184 3 -99 
191 188 121 -99 -99 
58 59 172 5 -99 
19 4 81 5 -99 
28 1 21 5 -99 
194 188 13 -99 -99 
78 189 62 -99 -99 
188 172 3 7 -99 
188 13 121 -99 -99 
194 188 160 13 -99 
148 141 7 174 -99 
173 59 132 151 -99 
172 3 7 -99 -99 
13 -99 -99 -99 -99 
113 7 5 -99 -99 
188 172 132 7 -99 
188 201 121 -99 -99 
45 172 62 113 -99 
134 172 2 13 -99 
165 19 62 5 -99 
202 177 121 -99 -99 
141 121 174 -99 -99 
59 148 133 7 -99 
59 16 -99 -99 -99 
59 15 -99 -99 -99 
204 160 131 3 -99 
204 123 -99 -99 -99 
59 160 88 7 -99 
160 88 91 121 -99 
59 15 73 205 -99 
160 88 206 7 -99 
160 88 206 7 -99 
160 16 88 7 -99 
59 160 88 206 -99 
204 59 160 7 -99 
204 206 7 5 -99 
160 91 121 -99 -99 
59 123 -99 -99 -99 
88 206 3 7 -99 
160 88 7 -99 -99 
160 88 206 -99 -99 
160 88 206 7 -99 
204 160 16 7 -99 
160 206 74 7 -99 
160 74 7 -99 -99 
59 160 16 -99 -99 
59 160 187 7 -99 
59 160 187 7 -99 
59 160 206 7 -99 
59 160 206 7 -99 
160 187 7 5 -99 
160 172 62 7 -99 
160 206 7 -99 -99 
160 206 138 7 -99 
207 7 -99 -99 -99 
204 136 59 160 -99 
59 160 88 123 -99 
23 106 7 -99 -99 
160 88 206 7 -99 
59 160 88 121 -99 
59 160 88 123 -99 
59 160 172 7 -99 
59 160 7 121 -99 
190 160 7 208 -99 
59 160 123 -99 -99 
59 160 -99 -99 -99 
59 160 88 7 -99 
160 3 7 208 -99 
59 160 88 207 -99 
59 160 88 -99 -99 
59 160 88 207 -99 
59 160 172 -99 -99 
59 160 172 -99 -99 
209 59 160 206 -99 
59 160 187 5 -99 
59 160 172 -99 -99 
209 59 160 7 -99 
204 59 160 7 -99 
160 88 187 7 -99 
59 160 91 7 -99 
59 160 172 7 -99 
59 160 172 -99 -99 
59 160 88 131 -99 
59 73 187 5 -99 
59 160 88 172 -99 
158 59 88 123 -99 
160 88 206 7 -99 
59 160 148 91 -99 
59 160 91 7 -99 
59 160 137 121 -99 
160 88 7 -99 -99 
59 160 172 -99 -99 
209 160 148 121 -99 
59 160 172 7 -99 
209 160 206 7 -99 
59 160 7 -99 -99 
59 160 7 -99 -99 
65 59 160 15 -99 
59 160 15 210 -99 
59 160 148 91 -99 
59 160 148 91 -99 
26 59 160 5 -99 
26 59 160 -99 -99 
209 59 160 -99 -99 
209 59 160 -99 -99 
59 160 172 7 -99 
59 160 137 121 -99 
59 160 88 7 -99 
59 160 7 -99 -99 
135 59 160 121 -99 
185 59 160 -99 -99 
191 160 91 7 -99 
139 192 13 -99 -99 
28 3 123 -99 -99 
12 96 88 5 -99 
85 121 123 -99 -99 
58 59 160 -99 -99 
88 13 3 126 -99 
212 134 7 5 -99 
158 88 126 123 -99 
19 71 5 119 -99 
88 3 5 -99 -99 
213 157 13 126 -99 
59 88 7 -99 -99 
26 134 7 5 -99 
26 212 88 5 -99 
58 19 211 5 -99 
88 126 7 123 -99 
29 88 13 126 -99 
214 3 207 -99 -99 
3 126 7 -99 -99 
28 59 3 5 -99 
12 213 13 126 -99 
28 213 13 7 -99 
188 6 3 123 -99 
157 141 208 -99 -99 
182 29 59 16 -99 
59 15 73 -99 -99 
102 126 5 -99 -99 
88 131 126 7 -99 
88 3 126 123 -99 
29 88 3 126 -99 
85 88 7 123 -99 
85 88 7 123 -99 
59 160 7 211 -99 
158 178 121 123 -99 
53 207 7 5 -99 
59 160 7 -99 -99 
12 215 3 5 -99 
29 16 3 119 -99 
59 121 123 -99 -99 
13 126 121 -99 -99 
16 3 5 -99 -99 
58 160 13 211 -99 
28 6 53 5 -99 
12 28 53 5 -99 
65 59 160 211 -99 
13 126 7 -99 -99 
26 28 126 123 -99 
28 3 207 5 -99 
85 131 3 123 -99 
59 13 7 5 -99 
88 3 126 -99 -99 
29 88 3 5 -99 
6 58 19 211 -99 
29 88 126 7 -99 
28 3 119 -99 -99 
11 13 83 5 -99 
12 28 212 5 -99 
65 160 15 211 -99 
26 13 53 5 -99 
88 3 7 5 -99 
12 129 13 5 -99 
213 157 13 126 -99 
88 3 7 123 -99 
160 54 13 -99 -99 
88 172 131 7 -99 
59 196 73 -99 -99 
28 216 13 126 -99 
72 125 92 -99 -99 
38 3 7 5 -99 
212 88 3 5 -99 
13 141 3 137 -99 
58 59 160 211 -99 
12 26 53 5 -99 
139 192 13 7 -99 
59 160 7 211 -99 
13 7 5 -99 -99 
212 207 7 5 -99 
157 13 141 126 -99 
58 160 217 211 -99 
12 28 3 5 -99 
191 28 136 123 -99 
29 16 3 7 -99 
139 192 13 121 -99 
28 213 157 13 -99 
158 85 88 123 -99 
65 59 15 211 -99 
88 131 3 7 -99 
65 13 3 137 -99 
170 3 126 7 -99 
29 3 5 119 -99 
6 178 142 3 -99 
6 142 3 126 -99 
6 142 3 207 -99 
6 142 3 207 -99 
6 142 3 207 -99 
6 142 3 137 -99 
183 142 137 -99 -99 
136 142 13 207 -99 
6 136 142 13 -99 
6 142 137 207 -99 
183 142 3 137 -99 
136 142 13 131 -99 
28 118 5 -99 -99 
12 28 7 5 -99 
12 28 118 5 -99 
12 118 3 5 -99 
12 28 13 5 -99 
12 88 13 5 -99 
59 88 13 5 -99 
118 3 5 -99 -99 
13 120 218 5 -99 
12 59 13 5 -99 
12 28 3 5 -99 
12 88 13 5 -99 
88 13 5 -99 -99 
178 3 151 7 -99 
13 3 137 151 -99 
6 3 151 207 -99 
28 3 207 7 -99 
3 207 7 5 -99 
176 157 13 126 -99 
176 157 13 126 -99 
176 13 125 126 -99 
176 157 13 126 -99 
28 134 3 126 -99 
134 13 126 7 -99 
28 13 197 137 -99 
13 197 44 7 -99 
139 192 13 197 -99 
28 118 3 5 -99 
28 172 131 123 -99 
28 197 3 137 -99 
28 13 126 7 -99 
72 197 137 5 -99 
28 137 151 -99 -99 
136 3 207 7 -99 
160 13 5 -99 -99 
160 13 -99 -99 -99 
12 157 7 5 -99 
12 157 13 5 -99 
12 176 157 13 -99 
12 176 157 13 -99 
169 13 137 -99 -99 
219 13 137 126 -99 
72 197 137 -99 -99 
28 168 126 7 -99 
219 72 13 137 -99 
176 16 157 125 -99 
62 7 145 220 -99 
221 13 7 5 -99 
70 13 218 89 -99 
16 21 222 13 -99 
28 131 3 151 -99 
13 151 -99 -99 -99 
72 76 223 125 -99 
194 136 13 151 -99 
157 13 125 -99 -99 
13 125 126 218 -99 
12 13 5 -99 -99 
19 4 71 -99 -99 
13 126 89 -99 -99 
65 13 126 89 -99 
139 13 126 89 -99 
222 13 126 89 -99 
25 70 13 126 -99 
21 70 7 89 -99 
224 13 137 151 -99 
155 13 137 7 -99 
139 13 126 89 -99 
12 21 3 5 -99 
19 71 7 5 -99 
19 71 7 5 -99 
16 21 3 7 -99 
88 73 7 -99 -99 
55 73 7 -99 -99 
12 30 3 5 -99 
6 18 3 7 -99 
12 45 3 5 -99 
165 224 13 62 -99 
11 12 13 5 -99 
28 1 122 71 -99 
28 1 180 122 -99 
28 122 71 -99 -99 
28 1 122 71 -99 
28 1 71 -99 -99 
28 1 3 -99 -99 
28 1 122 71 -99 
1 207 5 -99 -99 
28 1 180 122 -99 
28 1 137 -99 -99 
28 1 27 -99 -99 
28 1 3 71 -99 
28 1 180 71 -99 
216 13 137 7 -99 
28 13 -99 -99 -99 
9 189 53 5 -99 
13 218 225 -99 -99 
28 1 131 207 -99 
28 6 189 3 -99 
28 1 6 3 -99 
6 226 3 137 -99 
28 1 111 180 -99 
28 1 6 3 -99 
28 160 53 3 -99 
160 5 -99 -99 -99 
28 9 5 -99 -99 
28 1 3 -99 -99 
28 111 180 -99 -99 
28 1 30 5 -99 
28 3 207 -99 -99 
191 227 28 184 -99 
28 219 199 -99 -99 
28 1 111 180 -99 
29 160 15 -99 -99 
53 137 5 -99 -99 
28 111 180 -99 -99 
26 28 5 -99 -99 
28 180 137 -99 -99 
227 28 88 7 -99 
28 6 3 122 -99 
228 160 5 -99 -99 
28 1 27 5 -99 
229 13 -99 -99 -99 
104 189 7 -99 -99 
28 156 189 7 -99 
72 59 179 157 -99 
28 1 111 180 -99 
230 13 126 -99 -99 
28 38 230 13 -99 
13 126 -99 -99 -99 
229 13 126 -99 -99 
28 1 111 180 -99 
28 1 3 5 -99 
28 58 16 5 -99 
26 28 115 126 -99 
227 26 6 3 -99 
28 1 3 207 -99 
189 3 7 -99 -99 
178 13 126 -99 -99 
28 1 180 122 -99 
28 53 123 -99 -99 
28 189 53 123 -99 
28 88 126 114 -99 
6 226 3 137 -99 
28 1 153 189 -99 
28 180 207 -99 -99 
72 59 125 126 -99 
1 118 27 5 -99 
27 226 3 137 -99 
28 57 27 5 -99 
224 138 -99 -99 -99 
28 160 -99 -99 -99 
28 231 -99 -99 -99 
28 3 -99 -99 -99 
28 149 -99 -99 -99 
28 88 126 -99 -99 
28 184 3 -99 -99 
28 154 137 -99 -99 
28 53 3 -99 -99 
191 227 126 -99 -99 
28 154 142 7 -99 
28 189 53 5 -99 
134 189 13 137 -99 
12 13 5 -99 -99 
28 61 189 13 -99 
28 189 53 5 -99 
28 48 7 103 -99 
28 1 111 5 -99 
26 28 38 27 -99 
57 27 7 5 -99 
191 3 207 -99 -99 
182 16 13 121 -99 
16 3 207 5 -99 
3 126 114 7 -99 
12 3 5 -99 -99 
16 113 3 5 -99 
12 215 2 5 -99 
216 88 13 114 -99 
216 13 126 114 -99 
88 3 126 114 -99 
13 147 232 126 -99 
88 113 5 -99 -99 
88 2 113 5 -99 
6 58 2 3 -99 
2 3 -99 -99 -99 
158 133 -99 -99 -99 
16 3 5 -99 -99 
16 3 5 -99 -99 
158 233 126 114 -99 
12 3 5 -99 -99 
16 113 3 5 -99 
126 114 7 -99 -99 
16 3 5 -99 -99 
6 3 5 -99 -99 
16 113 5 -99 -99 
135 16 3 7 -99 
2 62 5 -99 -99 
16 62 197 3 -99 
16 113 5 -99 -99 
113 3 5 -99 -99 
6 85 7 -99 -99 
16 113 5 -99 -99 
16 2 115 7 -99 
28 3 114 7 -99 
125 114 7 -99 -99 
88 7 -99 -99 -99 
88 7 -99 -99 -99 
3 207 7 -99 -99 
6 16 3 207 -99 
16 207 123 -99 -99 
16 62 3 -99 -99 
16 62 207 -99 -99 
6 70 3 -99 -99 
16 70 3 -99 -99 
16 62 3 -99 -99 
16 3 -99 -99 -99 
88 7 -99 -99 -99 
28 3 126 114 -99 
16 2 207 7 -99 
58 2 3 7 -99 
85 3 7 -99 -99 
135 58 3 5 -99 
16 88 -99 -99 -99 
85 58 16 88 -99 
16 3 133 121 -99 
58 2 3 5 -99 
190 16 3 7 -99 
135 6 3 7 -99 
135 3 7 5 -99 
115 7 -99 -99 -99 
88 126 114 121 -99 
135 16 3 5 -99 
16 7 -99 -99 -99 
105 3 5 -99 -99 
135 158 234 133 -99 
188 3 123 -99 -99 
188 148 3 -99 -99 
58 16 7 -99 -99 
113 3 114 5 -99 
105 3 5 -99 -99 
188 6 16 7 -99 
1 6 3 7 -99 
23 114 5 -99 -99 
158 235 133 -99 -99 
16 88 203 -99 -99 
29 58 88 7 -99 
29 7 -99 -99 -99 
133 203 121 123 -99 
236 126 114 7 -99 
158 59 88 131 -99 
148 16 88 3 -99 
6 58 148 3 -99 
135 16 3 7 -99 
28 3 126 114 -99 
6 58 2 3 -99 
58 16 2 7 -99 
233 126 114 -99 -99 
158 88 126 114 -99 
188 133 123 -99 -99 
16 88 126 114 -99 
14 237 50 15 -99 
238 50 48 5 -99 
14 238 50 7 -99 
237 3 48 7 -99 
237 50 5 -99 -99 
55 237 50 7 -99 
237 50 239 5 -99 
29 58 237 -99 -99 
237 238 196 50 -99 
237 50 3 7 -99 
237 50 3 7 -99 
240 237 238 50 -99 
237 238 50 71 -99 
237 238 50 48 -99 
237 50 48 -99 -99 
238 50 48 5 -99 
237 50 73 -99 -99 
237 16 50 7 -99 
58 237 16 7 -99 
237 179 50 -99 -99 
240 237 238 50 -99 
237 179 50 -99 -99 
240 237 238 50 -99 
190 58 237 7 -99 
237 50 69 48 -99 
237 48 7 -99 -99 
237 50 7 -99 -99 
59 237 50 -99 -99 
58 237 88 7 -99 
29 237 50 7 -99 
14 237 3 48 -99 
237 50 3 7 -99 
59 237 50 210 -99 
237 50 7 -99 -99 
14 237 15 48 -99 
58 237 50 7 -99 
240 237 238 50 -99 
59 237 238 50 -99 
237 50 241 -99 -99 
14 237 16 50 -99 
237 3 7 -99 -99 
58 237 50 7 -99 
237 3 71 7 -99 
237 91 48 7 -99 
14 237 50 48 -99 
50 62 48 5 -99 
188 238 50 -99 -99 
237 50 242 -99 -99 
237 50 7 5 -99 
237 16 50 48 -99 
237 179 48 -99 -99 
238 50 3 243 -99 
237 238 50 15 -99 
14 237 48 243 -99 
14 238 50 243 -99 
16 50 48 5 -99 
58 50 48 -99 -99 
55 237 88 7 -99 
14 237 50 243 -99 
16 50 48 5 -99 
26 237 3 7 -99 
237 50 48 -99 -99 
240 237 50 111 -99 
58 237 50 7 -99 
14 237 50 3 -99 
237 196 50 123 -99 
237 179 50 -99 -99 
237 238 50 5 -99 
170 48 126 -99 -99 
237 179 50 -99 -99 
14 237 50 7 -99 
238 50 71 5 -99 
50 48 -99 -99 -99 
237 50 69 -99 -99 
14 237 50 15 -99 
238 50 48 71 -99 
55 237 115 7 -99 
240 237 196 50 -99 
58 237 50 7 -99 
59 237 50 73 -99 
237 244 7 5 -99 
237 117 3 5 -99 
58 237 54 48 -99 
237 16 50 7 -99 
237 3 71 7 -99 
237 88 48 7 -99 
240 237 196 50 -99 
240 237 196 50 -99 
238 50 111 152 -99 
238 50 48 7 -99 
6 3 207 -99 -99 
28 193 13 126 -99 
28 13 138 -99 -99 
28 147 3 246 -99 
28 3 7 -99 -99 
227 146 28 88 -99 
134 13 102 126 -99 
153 13 137 -99 -99 
160 13 137 7 -99 
176 125 233 208 -99 
2 3 71 7 -99 
1 3 207 -99 -99 
28 1 3 -99 -99 
1 207 -99 -99 -99 
6 148 3 -99 -99 
142 13 3 -99 -99 
16 7 5 -99 -99 
59 156 5 -99 -99 
142 7 5 -99 -99 
58 3 7 -99 -99 
11 83 3 5 -99 
158 247 125 -99 -99 
28 134 13 126 -99 
28 193 13 3 -99 
11 83 3 5 -99 
227 28 3 -99 -99 
11 3 7 5 -99 
2 3 246 -99 -99 
28 7 89 5 -99 
45 13 62 5 -99 
204 16 88 62 -99 
16 3 -99 -99 -99 
16 13 5 -99 -99 
28 13 218 -99 -99 
134 147 141 -99 -99 
3 5 -99 -99 -99 
176 13 248 -99 -99 
28 193 245 3 -99 
3 114 218 -99 -99 
157 13 126 -99 -99 
38 16 153 -99 -99 
248 247 -99 -99 -99 
59 88 3 -99 -99 
160 73 7 5 -99 
11 13 3 5 -99 
201 3 5 -99 -99 
59 160 114 -99 -99 
249 3 7 -99 -99 
59 16 205 -99 -99 
58 3 7 -99 -99 
28 135 7 5 -99 
135 180 53 5 -99 
135 13 3 7 -99 
250 59 160 7 -99 
111 251 177 -99 -99 
28 135 59 160 -99 
59 248 133 252 -99 
135 53 3 5 -99 
134 13 7 -99 -99 
13 253 7 -99 -99 
135 57 3 5 -99 
16 3 7 145 -99 
59 16 2 3 -99 
157 125 233 -99 -99 
59 63 115 -99 -99 
11 21 7 5 -99 
62 7 5 -99 -99 
88 3 5 -99 -99 
106 7 5 220 -99 
28 135 1 121 -99 
13 126 218 -99 -99 
57 3 7 5 -99 
12 28 3 5 -99 
106 115 3 207 -99 
28 3 -99 -99 -99 
58 59 3 -99 -99 
28 16 3 7 -99 
28 134 88 115 -99 
156 152 3 5 -99 
6 63 3 7 -99 
11 13 218 5 -99 
59 3 7 -99 -99 
12 157 143 3 -99 
28 88 5 -99 -99 
146 59 88 -99 -99 
134 154 18 7 -99 
11 83 5 -99 -99 
28 3 89 5 -99 
2 115 89 5 -99 
59 248 121 -99 -99 
255 51 256 -99 -99 
255 62 256 -99 -99 
255 256 7 -99 -99 
255 15 256 -99 -99 
255 15 256 -99 -99 
255 62 256 -99 -99 
255 62 256 -99 -99 
255 62 256 -99 -99 
65 255 256 -99 -99 
255 62 256 -99 -99 
255 62 256 -99 -99 
255 256 7 -99 -99 
65 255 256 -99 -99 
255 54 256 -99 -99 
255 256 7 -99 -99 
255 256 5 -99 -99 
23 -99 -99 -99 -99 
23 15 -99 -99 -99 
37 257 -99 -99 -99 
23 37 3 -99 -99 
23 14 -99 -99 -99 
23 5 -99 -99 -99 
23 37 5 -99 -99 
23 37 3 -99 -99 
258 37 3 -99 -99 
258 37 3 -99 -99 
258 16 257 -99 -99 
258 23 16 -99 -99 
258 23 -99 -99 -99 
258 23 106 -99 -99 
258 23 3 -99 -99 
258 23 16 -99 -99 
258 23 257 -99 -99 
258 23 16 -99 -99 
258 23 87 -99 -99 
258 23 257 -99 -99 
23 37 -99 -99 -99 
37 5 -99 -99 -99 
62 5 -99 -99 -99 
23 62 -99 -99 -99 
23 62 -99 -99 -99 
23 37 -99 -99 -99 
23 62 -99 -99 -99 
23 37 -99 -99 -99 
23 62 -99 -99 -99 
23 37 -99 -99 -99 
23 37 -99 -99 -99 
166 62 -99 -99 -99 
166 5 -99 -99 -99 
166 62 -99 -99 -99 
166 62 -99 -99 -99 
166 5 -99 -99 -99 
23 259 37 -99 -99 
23 259 37 -99 -99 
23 259 -99 -99 -99 
259 37 -99 -99 -99 
23 259 37 -99 -99 
23 259 62 -99 -99 
23 259 62 -99 -99 
23 259 181 -99 -99 
23 259 -99 -99 -99 
23 259 37 -99 -99 
23 259 260 -99 -99 
23 259 62 -99 -99 
23 259 37 -99 -99 
23 259 62 -99 -99 
23 259 62 -99 -99 
23 14 261 -99 -99 
262 263 264 -99 -99 
262 263 264 5 -99 
262 264 5 -99 -99 
262 263 264 5 -99 
262 263 264 5 -99 
262 263 264 62 -99 
262 264 62 5 -99 
262 263 264 -99 -99 
262 263 264 -99 -99 
262 264 62 5 -99 
262 263 264 -99 -99 
105 262 263 264 -99 
105 262 263 264 -99 
265 62 -99 -99 -99 
265 62 5 -99 -99 
265 62 -99 -99 -99 
265 62 -99 -99 -99 
23 260 -99 -99 -99 
23 260 -99 -99 -99 
23 260 -99 -99 -99 
23 260 -99 -99 -99 
23 62 -99 -99 -99 
266 48 267 92 -99 
266 63 48 267 -99 
266 16 5 267 -99 
266 58 7 267 -99 
266 48 7 267 -99 
266 268 7 267 -99 
266 58 268 267 -99 
266 122 48 267 -99 
266 7 267 -99 -99 
266 55 268 267 -99 
266 53 5 267 -99 
266 269 7 267 -99 
266 48 267 92 -99 
266 7 5 267 -99 
266 267 -99 -99 -99 
266 7 5 267 -99 
266 16 5 267 -99 
266 7 5 267 -99 
266 60 5 267 -99 
266 57 5 267 -99 
266 7 5 267 -99 
266 267 -99 -99 -99 
266 268 7 267 -99 
266 16 7 267 -99 
266 16 267 -99 -99 
266 58 267 -99 -99 
266 21 270 7 -99 
266 268 270 48 -99 
266 16 21 270 -99 
266 271 270 -99 -99 
266 58 270 7 -99 
266 58 16 270 -99 
266 270 48 -99 -99 
266 270 48 -99 -99 
266 270 -99 -99 -99 
266 270 48 92 -99 
266 270 48 -99 -99 
266 270 -99 -99 -99 
266 268 270 -99 -99 
272 266 270 7 -99 
272 273 16 48 -99 
273 58 16 7 -99 
273 16 57 5 -99 
254 182 273 61 -99 
272 273 57 5 -99 
272 273 57 5 -99 
272 273 58 48 -99 
254 182 273 2 -99 
272 273 57 5 -99 
273 7 92 -99 -99 
273 53 57 5 -99 
272 273 61 48 -99 
272 273 16 -99 -99 
273 16 61 -99 -99 
273 3 103 -99 -99 
182 273 55 -99 -99 
273 48 7 -99 -99 
273 50 60 5 -99 
273 58 16 -99 -99 
273 16 -99 -99 -99 
272 254 274 3 -99 
272 254 274 16 -99 
272 274 3 -99 -99 
274 275 49 -99 -99 
272 274 21 -99 -99 
272 274 16 3 -99 
272 274 58 -99 -99 
272 274 65 16 -99 
274 16 3 122 -99 
272 254 274 16 -99 
274 16 21 -99 -99 
272 274 16 49 -99 
272 274 3 49 -99 
272 274 65 3 -99 
274 62 3 122 -99 
274 58 16 2 -99 
272 58 16 276 -99 
277 276 3 7 -99 
272 65 51 276 -99 
58 276 7 -99 -99 
272 276 2 -99 -99 
16 61 276 -99 -99 
277 276 2 7 -99 
272 16 276 7 -99 
272 276 -99 -99 -99 
254 58 16 276 -99 
272 254 106 276 -99 
21 276 7 -99 -99 
272 276 -99 -99 -99 
55 276 48 103 -99 
29 216 278 -99 -99 
279 16 216 278 -99 
29 279 216 -99 -99 
106 58 16 216 -99 
58 279 216 278 -99 
279 216 7 -99 -99 
279 216 278 7 -99 
29 279 216 278 -99 
29 279 216 278 -99 
58 279 216 278 -99 
279 216 278 7 -99 
58 279 216 278 -99 
29 279 216 278 -99 
29 216 278 -99 -99 
58 279 216 278 -99 
29 216 278 -99 -99 
58 279 216 -99 -99 
58 279 216 278 -99 
58 16 216 -99 -99 
29 279 216 -99 -99 
29 279 216 -99 -99 
29 279 216 -99 -99 
29 279 216 -99 -99 
58 16 216 7 -99 
58 279 216 278 -99 
58 279 216 278 -99 
279 16 216 278 -99 
279 216 278 7 -99 
58 59 279 216 -99 
58 16 216 7 -99 
29 279 216 278 -99 
58 279 216 278 -99 
58 279 216 278 -99 
279 216 278 7 -99 
58 279 216 278 -99 
58 16 216 -99 -99 
58 279 216 278 -99 
58 16 216 7 -99 
279 16 216 278 -99 
58 279 216 278 -99 
58 279 216 278 -99 
58 279 216 278 -99 
58 279 216 278 -99 
59 16 216 61 -99 
58 279 216 278 -99 
58 279 216 278 -99 
14 58 59 216 -99 
58 279 216 278 -99 
58 279 216 278 -99 
58 279 216 278 -99 
58 279 216 278 -99 
58 279 216 278 -99 
58 279 216 278 -99 
279 216 278 7 -99 
58 279 216 278 -99 
58 279 216 278 -99 
279 16 216 278 -99 
58 279 216 -99 -99 
58 279 216 278 -99 
58 279 216 278 -99 
58 279 216 278 -99 
58 279 216 278 -99 
58 279 216 278 -99 
58 279 216 278 -99 
58 16 216 7 -99 
279 16 216 278 -99 
58 279 216 278 -99 
58 279 216 278 -99 
58 279 216 278 -99 
58 279 216 278 -99 
58 279 216 278 -99 
58 279 216 278 -99 
58 279 216 278 -99 
58 279 216 278 -99 
58 279 216 278 -99 
58 279 216 278 -99 
58 16 216 7 -99 
58 279 216 278 -99 
279 216 278 7 -99 
29 279 216 -99 -99 
58 279 216 278 -99 
58 279 216 278 -99 
58 279 216 278 -99 
58 279 216 278 -99 
58 279 216 278 -99 
58 279 216 278 -99 
58 279 216 -99 -99 
279 16 216 278 -99 
279 16 216 278 -99 
58 279 216 278 -99 
59 2 3 211 -99 
23 59 16 217 -99 
59 16 217 205 -99 
59 16 280 -99 -99 
59 16 281 217 -99 
59 16 217 205 -99 
59 15 217 211 -99 
59 217 282 211 -99 
85 58 59 211 -99 
59 3 7 211 -99 
58 59 3 211 -99 
58 59 3 211 -99 
58 59 3 211 -99 
58 59 3 211 -99 
59 217 283 211 -99 
58 59 217 211 -99 
59 217 282 211 -99 
59 217 211 -99 -99 
59 217 282 211 -99 
14 59 217 -99 -99 
59 15 -99 -99 -99 
59 217 282 211 -99 
59 15 282 -99 -99 
59 15 217 -99 -99 
59 217 -99 -99 -99 
59 15 217 -99 -99 
106 59 15 -99 -99 
106 59 217 -99 -99 
59 15 217 -99 -99 
59 15 217 203 -99 
284 59 15 217 -99 
59 217 282 -99 -99 
59 15 217 -99 -99 
59 217 282 -99 -99 
59 16 217 -99 -99 
106 59 15 -99 -99 
59 217 -99 -99 -99 
59 15 217 -99 -99 
59 15 -99 -99 -99 
59 16 217 205 -99 
59 15 217 282 -99 
59 16 -99 -99 -99 
59 16 217 -99 -99 
59 16 217 -99 -99 
59 16 217 -99 -99 
284 59 217 282 -99 
106 59 -99 -99 -99 
59 15 217 -99 -99 
228 14 59 -99 -99 
59 15 217 -99 -99 
59 16 7 -99 -99 
228 59 64 7 -99 
59 217 282 -99 -99 
59 217 282 -99 -99 
59 16 210 282 -99 
59 16 281 211 -99 
59 16 217 -99 -99 
200 59 16 -99 -99 
106 59 16 64 -99 
46 59 16 15 5 
59 15 217 5 -99 
59 5 -99 -99 -99 
228 59 217 -99 -99 
106 59 16 -99 -99 
59 15 217 -99 -99 
59 217 62 -99 -99 
285 286 59 287 -99 
285 286 59 242 -99 
285 286 59 242 -99 
285 286 59 242 -99 
285 286 59 242 -99 
59 217 282 -99 -99 
59 16 217 205 -99 
59 16 217 205 -99 
284 59 16 217 -99 
59 15 217 211 -99 
59 217 205 282 -99 
59 217 282 -99 -99 
59 -99 -99 -99 -99 
59 7 -99 -99 -99 
59 16 217 -99 -99 
59 16 -99 -99 -99 
59 16 217 -99 -99 
59 160 88 7 -99 
59 217 -99 -99 -99 
59 196 73 -99 -99 
59 217 211 -99 -99 
284 59 16 217 -99 
59 15 217 -99 -99 
59 15 217 -99 -99 
288 62 7 5 -99 
288 54 62 5 -99 
65 288 51 3 -99 
54 21 7 -99 -99 
288 16 3 7 -99 
19 3 7 -99 -99 
288 16 54 7 -99 
288 16 54 5 -99 
54 2 7 -99 -99 
288 19 71 -99 -99 
288 16 21 7 -99 
288 16 3 7 -99 
65 288 51 3 -99 
288 16 3 7 -99 
288 16 34 7 -99 
288 16 3 7 -99 
288 16 34 7 -99 
25 16 34 -99 -99 
25 16 34 -99 -99 
34 289 -99 -99 -99 
16 34 102 -99 -99 
16 19 34 -99 -99 
54 34 102 -99 -99 
54 34 102 -99 -99 
58 16 34 -99 -99 
113 7 -99 -99 -99 
53 7 5 -99 -99 
54 113 5 -99 -99 
113 7 5 -99 -99 
51 53 5 -99 -99 
16 54 102 -99 -99 
16 113 4 -99 -99 
16 54 51 -99 -99 
16 54 5 -99 -99 
16 54 113 -99 -99 
16 7 5 289 -99 
16 275 34 289 -99 
53 113 5 289 -99 
16 113 5 289 -99 
275 53 113 289 -99 
16 275 5 289 -99 
16 275 5 289 -99 
16 3 7 289 -99 
16 275 7 289 -99 
275 34 7 289 -99 
16 34 7 289 -99 
113 5 289 -99 -99 
275 34 5 289 -99 
16 275 7 289 -99 
275 34 5 289 -99 
16 275 5 289 -99 
16 54 275 289 -99 
16 275 7 289 -99 
16 3 7 289 -99 
275 34 7 289 -99 
275 113 5 289 -99 
16 7 5 289 -99 
16 34 7 289 -99 
54 113 5 289 -99 
16 275 5 289 -99 
16 34 289 -99 -99 
16 34 7 289 -99 
16 34 7 289 -99 
16 275 34 289 -99 
16 275 7 289 -99 
290 5 -99 -99 -99 
290 5 -99 -99 -99 
290 5 -99 -99 -99 
54 290 -99 -99 -99 
54 290 -99 -99 -99 
54 290 -99 -99 -99 
54 290 -99 -99 -99 
290 5 -99 -99 -99 
54 290 5 -99 -99 
54 5 -99 -99 -99 
54 5 -99 -99 -99 
54 290 -99 -99 -99 
221 275 3 5 -99 
221 275 34 3 -99 
221 34 3 7 -99 
221 275 34 290 -99 
16 164 34 3 -99 
54 51 164 102 -99 
16 113 5 -99 -99 
275 71 5 -99 -99 
54 4 -99 -99 -99 
16 34 7 -99 -99 
34 3 7 -99 -99 
16 34 7 -99 -99 
54 3 7 -99 -99 
28 13 149 137 -99 
13 126 -99 -99 -99 
28 136 13 -99 -99 
72 13 125 126 -99 
28 141 -99 -99 -99 
13 125 123 -99 -99 
28 186 126 -99 -99 
28 186 13 126 -99 
28 13 3 126 -99 
28 158 138 123 -99 
158 164 92 -99 -99 
72 59 157 125 -99 
146 28 3 207 -99 
146 28 -99 -99 -99 
209 158 102 -99 -99 
88 2 3 126 -99 
6 172 2 3 -99 
28 6 131 3 -99 
28 193 131 207 -99 
191 28 6 126 -99 
191 146 136 156 -99 
72 13 125 126 -99 
158 13 234 121 -99 
158 13 126 121 -99 
158 13 138 126 -99 
28 13 3 -99 -99 
28 192 13 -99 -99 
291 13 -99 -99 -99 
6 58 59 -99 -99 
59 15 217 73 -99 
6 3 121 -99 -99 
65 121 -99 -99 -99 
2 13 -99 -99 -99 
58 2 3 -99 -99 
13 -99 -99 -99 -99 
6 2 13 -99 -99 
58 2 3 145 -99 
2 292 145 5 -99 
58 16 73 145 -99 
204 16 7 145 -99 
58 2 7 145 -99 
70 2 7 145 -99 
16 57 113 5 -99 
6 2 102 145 -99 
2 145 5 -99 -99 
2 62 252 145 -99 
6 2 252 -99 -99 
70 244 133 -99 -99 
16 2 145 -99 -99 
2 62 145 -99 -99 
6 2 132 145 -99 
244 2 132 145 -99 
6 2 132 145 -99 
244 2 132 145 -99 
62 132 151 123 -99 
2 132 207 145 -99 
16 62 138 123 -99 
62 132 138 207 -99 
65 59 15 -99 -99 
6 2 132 145 -99 
12 3 7 5 -99 
6 88 7 5 -99 
202 247 -99 -99 -99 
65 92 -99 -99 -99 
65 59 15 73 -99 
13 -99 -99 -99 -99 
2 13 145 -99 -99 
28 68 13 126 -99 
11 2 13 83 -99 
28 3 126 123 -99 
2 7 145 5 -99 
70 2 7 145 -99 
6 2 132 145 -99 
55 73 3 7 -99 
2 57 145 5 -99 
94 2 13 5 -99 
191 200 188 138 -99 
59 157 13 125 -99 
19 4 81 5 -99 
12 19 13 5 -99 
85 30 13 5 -99 
293 21 19 115 -99 
16 2 115 145 -99 
6 2 132 145 -99 
2 145 121 -99 -99 
12 94 5 -99 -99 
2 3 5 -99 -99 
293 83 -99 -99 -99 
16 13 121 -99 -99 
85 24 2 145 -99 
293 83 71 145 -99 
293 83 81 145 -99 
293 83 81 145 -99 
293 19 83 71 -99 
293 19 83 71 -99 
293 19 73 145 -99 
6 2 3 145 -99 
293 83 141 5 -99 
2 3 145 5 -99 
2 3 145 5 -99 
2 83 3 145 -99 
2 83 3 145 -99 
6 2 3 145 -99 
293 83 3 145 -99 
2 83 3 145 -99 
26 62 145 -99 -99 
2 73 145 5 -99 
2 73 3 145 -99 
2 3 145 5 -99 
16 2 62 145 -99 
2 62 145 5 -99 
293 2 83 145 -99 
2 3 48 -99 -99 
16 2 83 145 -99 
16 18 7 145 -99 
6 62 83 145 -99 
2 13 145 -99 -99 
65 -99 -99 -99 -99 
294 2 83 145 -99 
294 21 83 3 -99 
294 83 3 145 -99 
294 2 83 145 -99 
294 223 83 145 -99 
294 16 83 145 -99 
2 83 3 145 -99 
295 21 83 145 -99 
295 21 83 145 -99 
295 21 83 145 -99 
295 21 3 145 -99 
295 62 83 145 -99 
110 293 83 145 -99 
65 59 15 145 -99 
2 83 3 145 -99 
293 2 145 -99 -99 
16 115 3 145 -99 
2 115 141 3 -99 
6 62 132 3 -99 
293 62 83 145 -99 
293 83 145 5 -99 
286 59 62 145 -99 
295 62 83 145 -99 
295 62 3 145 -99 
6 293 2 145 -99 
295 62 3 145 -99 
295 62 145 5 -99 
263 62 145 -99 -99 
295 293 62 145 -99 
293 59 73 145 -99 
293 2 83 145 -99 
293 73 83 145 -99 
295 62 83 145 -99 
295 2 62 145 -99 
295 263 62 145 -99 
293 21 62 83 -99 
59 19 2 145 -99 
2 7 145 -99 -99 
2 73 3 145 -99 
16 2 3 145 -99 
266 293 83 145 -99 
21 2 7 145 -99 
293 2 3 145 -99 
293 88 2 83 -99 
293 2 3 145 -99 
293 2 48 145 -99 
293 2 7 145 -99 
293 2 145 5 -99 
293 2 145 5 -99 
293 145 5 -99 -99 
2 53 145 5 -99 
293 19 71 5 -99 
293 2 145 -99 -99 
2 53 5 -99 -99 
2 3 145 -99 -99 
6 53 71 5 -99 
19 71 145 -99 -99 
16 3 48 -99 -99 
2 3 48 -99 -99 
293 83 144 145 -99 
6 293 83 145 -99 
293 2 145 -99 -99 
6 94 21 5 -99 
94 59 21 5 -99 
94 19 71 5 -99 
94 62 5 22 -99 
6 94 3 5 -99 
94 21 71 5 -99 
94 59 21 5 -99 
94 31 5 22 -99 
94 19 71 5 -99 
94 296 71 5 -99 
6 59 21 3 -99 
94 21 5 22 -99 
94 21 3 5 -99 
94 21 62 5 -99 
11 94 21 5 -99 
12 297 5 -99 -99 
21 83 3 7 -99 
6 21 3 7 -99 
6 94 13 -99 -99 
94 21 5 22 -99 
94 21 5 22 -99 
94 21 3 5 -99 
11 94 83 5 -99 
11 166 62 20 -99 
19 71 7 -99 -99 
273 16 21 5 -99 
11 6 19 5 -99 
11 21 83 5 -99 
11 6 94 71 -99 
11 94 5 22 -99 
94 21 5 22 -99 
11 94 71 5 -99 
12 94 21 5 -99 
94 59 73 62 -99 
11 94 5 22 -99 
11 94 83 5 -99 
189 62 113 -99 -99 
11 94 5 22 -99 
94 296 5 22 -99 
94 18 10 5 22 
189 73 5 -99 -99 
12 88 3 5 -99 
6 94 19 71 -99 
11 94 5 22 -99 
11 19 13 5 -99 
94 21 296 5 -99 
94 21 296 3 -99 
11 94 7 5 -99 
94 83 298 5 -99 
65 94 83 298 -99 
188 21 3 7 -99 
11 94 45 83 -99 
6 19 71 -99 -99 
12 94 118 5 -99 
94 62 5 -99 -99 
65 94 5 -99 -99 
19 71 7 5 -99 
94 21 7 5 -99 
94 5 22 -99 -99 
94 21 189 5 -99 
11 62 5 -99 -99 
28 59 62 123 -99 
94 3 5 22 -99 
23 21 5 -99 -99 
94 5 22 -99 -99 
223 62 83 299 -99 
223 62 83 299 -99 
94 16 189 92 -99 
94 21 5 22 -99 
94 21 5 22 -99 
16 21 5 22 -99 
16 21 3 5 -99 
94 236 7 5 -99 
94 16 21 3 -99 
94 19 81 5 -99 
11 94 71 5 -99 
94 15 7 -99 -99 
94 29 21 7 -99 
94 62 5 22 -99 
94 5 220 22 -99 
11 21 5 22 -99 
94 21 7 5 -99 
94 59 5 22 -99 
94 21 5 22 -99 
11 6 94 5 -99 
11 94 5 22 -99 
94 189 3 7 -99 
94 62 5 -99 -99 
12 94 21 5 -99 
94 62 5 22 -99 
14 65 15 73 -99 
65 59 15 73 -99 
65 15 73 282 -99 
65 59 15 73 -99 
59 15 73 -99 -99 
65 15 73 -99 -99 
59 160 73 87 -99 
217 73 -99 -99 -99 
65 59 15 -99 -99 
15 73 -99 -99 -99 
59 15 73 -99 -99 
14 15 73 -99 -99 
15 73 282 -99 -99 
300 15 248 7 -99 
15 73 248 -99 -99 
14 59 15 73 -99 
224 15 73 123 -99 
15 281 217 73 -99 
15 73 248 -99 -99 
65 15 73 282 -99 
65 59 15 73 -99 
73 282 -99 -99 -99 
65 15 73 282 -99 
15 73 -99 -99 -99 
14 15 -99 -99 -99 
15 73 282 -99 -99 
65 15 73 -99 -99 
15 73 -99 -99 -99 
15 73 203 -99 -99 
65 59 15 73 -99 
65 15 73 -99 -99 
65 15 73 -99 -99 
65 15 -99 -99 -99 
15 73 248 -99 -99 
65 15 73 282 -99 
15 73 248 -99 -99 
73 282 -99 -99 -99 
59 15 281 73 -99 
15 73 203 -99 -99 
59 15 73 -99 -99 
65 15 73 -99 -99 
59 15 73 -99 -99 
65 15 73 -99 -99 
15 73 -99 -99 -99 
65 15 73 -99 -99 
65 15 73 -99 -99 
15 73 282 -99 -99 
59 15 73 -99 -99 
54 15 73 -99 -99 
14 15 73 -99 -99 
15 73 -99 -99 -99 
59 73 282 -99 -99 
15 301 73 -99 -99 
65 15 73 -99 -99 
15 73 203 -99 -99 
14 65 15 73 -99 
65 160 15 73 -99 
65 15 73 218 -99 
65 15 73 -99 -99 
59 15 73 20 -99 
15 18 73 -99 -99 
65 15 73 -99 -99 
15 73 -99 -99 -99 
65 15 73 -99 -99 
59 15 5 -99 -99 
59 15 73 -99 -99 
65 15 281 73 241 
15 73 210 -99 -99 
15 73 -99 -99 -99 
73 7 -99 -99 -99 
65 15 73 -99 -99 
59 15 73 -99 -99 
65 15 73 -99 -99 
59 15 73 -99 -99 
65 15 73 282 -99 
224 73 203 -99 -99 
65 59 15 -99 -99 
15 73 282 -99 -99 
15 73 7 -99 -99 
15 73 -99 -99 -99 
15 73 -99 -99 -99 
160 15 73 -99 -99 
15 18 73 -99 -99 
65 18 73 -99 -99 
59 15 73 -99 -99 
224 15 18 73 -99 
15 73 -99 -99 -99 
65 15 73 -99 -99 
14 15 282 -99 -99 
15 73 282 121 289 
13 302 5 -99 -99 
13 74 302 -99 -99 
13 74 302 5 -99 
229 13 74 302 -99 
13 74 5 -99 -99 
13 74 302 -99 -99 
13 74 302 -99 -99 
13 302 5 -99 -99 
162 13 74 302 -99 
229 13 74 302 -99 
74 302 5 -99 -99 
13 -99 -99 -99 -99 
13 302 -99 -99 -99 
74 53 302 5 -99 
13 -99 -99 -99 -99 
13 302 -99 -99 -99 
229 162 74 302 -99 
229 13 74 302 -99 
229 224 13 302 -99 
229 13 74 302 -99 
229 13 302 5 -99 
13 74 302 -99 -99 
229 13 74 302 -99 
229 13 74 302 -99 
13 302 5 257 -99 
13 74 302 5 -99 
13 74 302 -99 -99 
13 74 302 5 -99 
13 74 302 5 -99 
13 74 302 5 -99 
13 74 302 5 -99 
13 74 302 5 -99 
13 74 302 5 -99 
13 74 302 5 -99 
13 74 302 5 -99 
13 302 -99 -99 -99 
13 74 302 5 -99 
13 74 302 5 -99 
13 74 302 5 -99 
13 74 302 5 -99 
38 13 5 -99 -99 
13 74 302 5 -99 
13 74 302 5 -99 
13 74 302 5 -99 
13 74 302 5 -99 
13 74 302 5 -99 
13 74 302 5 -99 
38 13 74 302 -99 
74 3 5 -99 -99 
13 74 302 5 -99 
13 74 302 5 -99 
13 74 302 5 -99 
13 74 302 5 -99 
13 302 5 -99 -99 
185 13 302 -99 -99 
13 74 302 5 -99 
13 302 -99 -99 -99 
13 302 121 -99 -99 
13 74 302 5 -99 
13 302 5 -99 -99 
13 74 302 5 -99 
13 74 302 5 -99 
13 74 302 5 -99 
13 74 302 5 -99 
13 74 302 5 -99 
13 74 302 5 -99 
13 302 -99 -99 -99 
13 74 302 5 -99 
13 302 -99 -99 -99 
13 74 302 5 -99 
13 302 -99 -99 -99 
13 74 302 5 -99 
13 302 -99 -99 -99 
13 74 302 5 -99 
13 74 302 5 -99 
13 74 302 5 -99 
13 74 302 5 -99 
13 74 302 5 -99 
13 74 302 5 -99 
13 302 -99 -99 -99 
13 302 -99 -99 -99 
13 74 302 5 -99 
13 74 302 5 -99 
13 302 -99 -99 -99 
13 74 302 -99 -99 
13 74 302 5 -99 
13 74 302 5 -99 
13 302 -99 -99 -99 
13 74 302 5 -99 
13 302 -99 -99 -99 
152 137 133 151 -99 
199 152 133 151 -99 
303 83 133 7 -99 
199 152 133 151 -99 
199 152 102 133 -99 
28 13 115 133 -99 
115 152 133 7 -99 
28 13 199 133 -99 
13 115 152 133 -99 
152 137 133 7 -99 
13 152 137 133 -99 
13 137 133 7 -99 
28 199 102 133 -99 
303 83 152 133 -99 
303 83 152 133 -99 
303 83 152 133 -99 
13 303 83 133 -99 
227 304 199 151 -99 
303 152 305 133 -99 
13 199 137 133 -99 
28 199 102 133 -99 
28 152 137 133 -99 
199 152 137 133 -99 
199 152 102 133 -99 
13 199 152 133 -99 
152 305 137 133 -99 
303 305 137 133 -99 
152 305 137 133 -99 
152 305 137 133 -99 
199 115 102 133 -99 
199 83 152 133 -99 
13 199 152 133 -99 
102 133 121 -99 -99 
199 115 102 133 -99 
199 152 133 7 -99 
28 13 199 133 -99 
305 137 133 7 -99 
305 137 133 7 -99 
305 137 133 7 -99 
13 303 234 133 -99 
152 305 137 133 -99 
152 305 137 133 -99 
152 305 137 133 -99 
303 305 137 133 -99 
303 305 137 133 -99 
199 152 133 7 -99 
13 199 152 133 -99 
13 199 137 133 -99 
152 102 137 133 -99 
152 137 133 121 -99 
199 152 137 133 -99 
28 13 115 133 -99 
191 136 304 133 -99 
13 137 133 -99 -99 
13 303 83 133 -99 
304 13 199 133 -99 
304 199 133 151 -99 
191 136 304 133 -99 
13 137 133 -99 -99 
70 303 83 133 -99 
303 83 3 133 -99 
13 303 133 -99 -99 
13 303 133 -99 -99 
13 199 133 151 -99 
13 199 133 151 -99 
199 152 133 151 -99 
13 199 133 151 -99 
16 303 133 7 -99 
303 83 234 133 -99 
28 199 133 151 -99 
191 28 115 133 -99 
115 133 151 7 -99 
13 199 133 7 -99 
199 152 133 7 -99 
28 16 199 133 -99 
199 133 7 -99 -99 
304 133 7 306 -99 
304 13 199 133 -99 
209 1 304 13 -99 
106 152 137 133 -99 
13 305 137 133 -99 
28 199 132 133 -99 
199 115 102 133 -99 
28 106 199 133 -99 
199 137 133 151 -99 
16 199 133 151 -99 
16 199 133 151 -99 
115 137 133 151 -99 
13 199 133 151 -99 
199 132 133 151 -99 
199 115 133 151 -99 
23 15 260 -99 -99 
23 15 260 -99 -99 
23 14 260 -99 -99 
23 14 260 -99 -99 
23 14 260 -99 -99 
23 260 7 -99 -99 
23 14 260 -99 -99 
23 15 260 -99 -99 
23 14 260 -99 -99 
23 54 260 -99 -99 
23 15 260 -99 -99 
23 16 260 -99 -99 
23 16 260 -99 -99 
23 260 7 -99 -99 
23 260 7 -99 -99 
23 16 260 -99 -99 
23 16 260 -99 -99 
23 16 260 -99 -99 
23 16 260 -99 -99 
23 16 260 -99 -99 
23 14 260 -99 -99 
23 14 260 -99 -99 
23 14 260 -99 -99 
23 14 260 -99 -99 
23 54 260 -99 -99 
23 260 7 -99 -99 
23 260 7 -99 -99 
23 260 7 -99 -99 
23 14 58 260 -99 
23 16 260 -99 -99 
23 7 -99 -99 -99 
23 14 260 -99 -99 
23 14 260 -99 -99 
23 14 243 -99 -99 
23 307 7 -99 -99 
23 -99 -99 -99 -99 
23 7 -99 -99 -99 
23 307 7 -99 -99 
23 307 7 -99 -99 
23 62 -99 -99 -99 
190 23 260 92 -99 
23 105 260 92 -99 
23 307 7 -99 -99 
23 48 7 -99 -99 
23 14 307 -99 -99 
23 260 7 -99 -99 
23 14 48 -99 -99 
23 14 48 -99 -99 
23 14 7 -99 -99 
23 14 88 7 -99 
23 260 7 -99 -99 
23 260 7 -99 -99 
23 14 260 -99 -99 
23 15 260 -99 -99 
23 260 7 -99 -99 
23 14 7 -99 -99 
23 14 16 -99 -99 
23 59 307 -99 -99 
23 59 307 -99 -99 
23 14 243 -99 -99 
23 260 7 -99 -99 
23 260 7 -99 -99 
23 307 257 -99 -99 
23 307 7 -99 -99 
23 14 260 -99 -99 
23 14 260 -99 -99 
23 307 7 -99 -99 
23 260 92 -99 -99 
23 307 260 -99 -99 
23 260 92 -99 -99 
23 14 260 -99 -99 
23 260 5 -99 -99 
23 260 5 -99 -99 
23 260 5 -99 -99 
23 260 5 -99 -99 
23 260 5 -99 -99 
23 260 180 -99 -99 
23 16 260 -99 -99 
309 23 260 -99 -99 
23 16 260 -99 -99 
309 23 260 -99 -99 
23 260 -99 -99 -99 
23 16 -99 -99 -99 
23 260 -99 -99 -99 
23 16 -99 -99 -99 
23 260 -99 -99 -99 
23 260 -99 -99 -99 
23 260 62 -99 -99 
23 260 -99 -99 -99 
23 260 257 -99 -99 
23 310 37 3 -99 
23 310 37 3 -99 
23 310 37 3 -99 
23 310 37 3 -99 
46 47 48 49 -99 
46 47 48 49 -99 
46 47 49 5 -99 
46 50 47 48 -99 
46 106 47 49 -99 
272 274 16 62 -99 
272 274 16 62 -99 
23 16 49 -99 -99 
23 14 7 -99 -99 
23 14 7 -99 -99 
23 14 7 -99 -99 
96 55 15 311 -99 
96 55 311 7 -99 
96 55 311 7 -99 
106 96 311 7 -99 
69 312 313 92 -99 
62 312 269 313 -99 
54 62 312 313 -99 
54 312 313 -99 -99 
62 312 5 -99 -99 
62 312 5 -99 -99 
16 312 5 -99 -99 
46 66 269 87 -99 
46 66 5 -99 -99 
46 66 7 5 -99 
46 55 66 48 -99 
109 62 312 -99 -99 
69 312 5 -99 -99 
78 312 5 -99 -99 
312 5 -99 -99 -99 
314 2 62 269 -99 
106 314 2 87 -99 
314 2 269 7 -99 
106 314 2 7 -99 
16 312 -99 -99 -99 
78 312 5 -99 -99 
65 51 48 316 -99 
55 48 7 316 -99 
55 48 7 316 -99 
62 5 316 -99 -99 
55 317 48 316 -99 
318 16 144 269 -99 
319 312 7 5 -99 
318 16 144 269 -99 
318 58 16 144 -99 
112 99 62 48 -99 
112 99 50 5 -99 
309 99 16 49 -99 
112 99 48 243 -99 
16 319 312 5 -99 
319 62 312 269 -99 
23 16 7 -99 -99 
23 16 257 -99 -99 
23 48 7 -99 -99 
23 14 7 -99 -99 
5 320 -99 -99 -99 
5 320 -99 -99 -99 
5 320 -99 -99 -99 
23 16 54 -99 -99 
23 16 108 -99 -99 
110 102 48 -99 -99 
110 16 48 -99 -99 
110 16 7 -99 -99 
312 102 48 -99 -99 
312 48 7 -99 -99 
312 102 48 -99 -99 
312 102 48 -99 -99 
312 5 -99 -99 -99 
315 312 5 -99 -99 
315 312 5 -99 -99 
321 312 48 -99 -99 
321 312 48 -99 -99 
321 312 48 -99 -99 
312 313 7 -99 -99 
46 52 16 7 -99 
46 52 65 51 -99 
46 52 69 48 -99 
46 52 83 5 -99 
62 312 269 -99 -99 
16 62 312 -99 -99 
51 62 312 -99 -99 
16 275 49 -99 -99 
16 275 49 -99 -99 
65 99 51 48 -99 
99 62 5 -99 -99 
99 48 322 -99 -99 
88 131 114 7 -99 
106 62 87 5 -99 
58 88 7 -99 -99 
323 58 7 -99 -99 
28 88 89 5 -99 
21 115 141 7 -99 
228 179 7 -99 -99 
58 7 -99 -99 -99 
28 2 7 89 -99 
85 58 88 2 -99 
179 15 7 -99 -99 
28 88 7 89 -99 
285 58 59 205 -99 
11 13 62 5 -99 
62 83 7 -99 -99 
28 88 7 89 -99 
26 7 89 5 -99 
324 190 58 7 -99 
158 88 234 123 -99 
285 59 73 126 -99 
28 85 58 7 -99 
28 7 89 5 -99 
190 28 58 -99 -99 
85 58 59 205 -99 
16 192 13 -99 -99 
28 58 7 -99 -99 
28 159 143 7 -99 
26 13 7 5 -99 
28 118 88 5 -99 
62 7 87 5 -99 
28 13 126 114 -99 
2 7 87 -99 -99 
58 73 283 -99 -99 
28 16 88 7 -99 
58 7 -99 -99 -99 
191 28 158 133 -99 
182 85 58 16 -99 
62 7 87 5 -99 
12 94 118 5 -99 
58 59 73 205 -99 
58 7 -99 -99 -99 
16 2 115 7 -99 
58 7 246 -99 -99 
16 7 -99 -99 -99 
58 283 246 -99 -99 
29 58 216 133 -99 
23 16 7 -99 -99 
58 179 7 -99 -99 
16 91 13 7 -99 
28 128 252 123 -99 
58 283 7 -99 -99 
105 7 5 220 -99 
105 2 7 5 -99 
58 16 70 246 -99 
16 2 7 5 -99 
28 58 7 89 -99 
135 21 3 133 -99 
58 283 7 246 -99 
58 13 283 -99 -99 
190 28 85 7 -99 
29 2 115 7 -99 
16 2 3 7 -99 
28 88 7 89 -99 
28 58 7 -99 -99 
28 114 7 -99 -99 
23 58 13 -99 -99 
16 2 7 145 -99 
28 13 126 114 -99 
28 16 7 89 -99 
28 85 88 7 -99 
58 7 -99 -99 -99 
58 13 283 246 -99 
28 58 7 -99 -99 
58 16 283 7 -99 
29 16 115 144 -99 
58 59 7 -99 -99 
29 58 13 7 -99 
2 32 62 3 -99 
29 58 115 7 -99 
182 58 205 7 -99 
105 2 326 7 -99 
16 283 7 -99 -99 
28 204 16 7 -99 
28 58 16 7 -99 
58 314 16 7 -99 
58 16 283 7 -99 
28 85 7 -99 -99 
13 7 -99 -99 -99 
16 3 7 5 -99 
88 234 133 203 -99 
327 328 322 292 -99 
327 328 322 292 -99 
327 328 322 292 -99 
327 328 322 292 -99 
327 328 322 292 -99 
327 328 322 292 -99 
327 48 322 292 -99 
327 328 3 292 -99 
327 328 48 292 -99 
327 328 292 7 -99 
65 21 327 292 -99 
134 327 126 292 -99 
26 328 292 7 -99 
327 328 3 292 -99 
327 328 44 292 -99 
327 328 322 292 -99 
327 3 292 7 -99 
327 328 44 292 -99 
327 44 292 7 -99 
2 328 292 7 -99 
328 44 292 7 -99 
2 328 44 292 -99 
328 44 292 7 -99 
328 44 292 7 -99 
328 44 292 -99 -99 
328 44 292 7 -99 
328 3 292 -99 -99 
328 44 48 292 -99 
2 3 292 5 -99 
327 3 292 -99 -99 
327 328 292 -99 -99 
328 44 48 292 -99 
328 44 48 292 -99 
327 48 292 7 -99 
26 3 292 5 -99 
88 44 292 7 -99 
26 328 44 292 -99 
328 44 292 -99 -99 
26 2 292 7 -99 
327 115 292 -99 -99 
327 328 3 292 -99 
327 292 329 -99 -99 
328 3 44 292 -99 
26 3 292 7 -99 
327 328 48 292 -99 
327 328 207 292 -99 
327 328 44 292 -99 
328 3 44 292 -99 
26 44 48 292 -99 
2 328 3 292 -99 
328 44 292 7 -99 
327 328 48 292 -99 
26 327 292 5 -99 
327 328 292 -99 -99 
26 327 292 7 -99 
65 327 322 292 -99 
328 44 48 292 -99 
327 328 292 7 -99 
6 327 3 292 -99 
26 327 328 292 -99 
327 328 3 292 -99 
327 328 292 7 -99 
134 65 327 292 -99 
28 327 3 292 -99 
9 2 3 292 -99 
26 2 292 -99 -99 
328 3 322 292 -99 
21 327 3 292 -99 
134 327 328 292 -99 
327 328 3 292 -99 
327 53 292 5 -99 
328 3 44 292 -99 
327 48 292 7 -99 
327 328 48 292 -99 
26 2 292 7 -99 
327 328 3 292 -99 
328 3 292 7 -99 
26 2 328 292 -99 
28 65 292 -99 -99 
327 328 3 292 -99 
327 328 292 7 -99 
327 328 3 292 -99 
13 328 3 292 -99 
327 328 3 292 -99 
328 3 44 292 -99 
28 327 3 292 -99 
327 328 44 292 -99 
328 3 44 292 -99 
327 2 48 292 -99 
328 3 4 292 -99 
141 3 174 -99 -99 
46 13 47 48 -99 
46 108 47 48 -99 
46 176 47 48 -99 
46 67 244 47 -99 
46 48 322 -99 -99 
148 13 48 -99 -99 
46 129 13 47 -99 
46 106 47 48 -99 
46 47 -99 -99 -99 
46 47 48 -99 -99 
46 16 47 48 -99 
46 67 47 5 -99 
46 67 16 47 -99 
46 47 48 -99 -99 
46 47 48 322 -99 
46 82 47 48 -99 
46 67 16 47 -99 
46 82 47 48 -99 
46 47 48 -99 -99 
46 47 48 -99 -99 
46 67 47 49 -99 
46 16 47 48 -99 
46 16 47 48 -99 
46 16 47 71 -99 
46 47 48 -99 -99 
46 16 47 -99 -99 
46 16 47 48 -99 
46 47 62 48 -99 
46 108 47 48 -99 
46 82 47 48 -99 
46 67 47 48 -99 
46 47 62 48 -99 
46 50 47 48 -99 
46 16 47 49 -99 
46 50 47 48 -99 
46 82 47 48 -99 
46 25 50 47 -99 
46 13 47 48 -99 
46 129 13 47 -99 
46 13 47 306 -99 
141 121 174 -99 -99 
46 50 47 71 -99 
46 47 48 306 -99 
46 82 47 48 -99 
46 14 82 47 -99 
46 28 47 48 -99 
46 82 47 48 -99 
46 47 48 -99 -99 
46 16 47 48 -99 
46 291 -99 -99 -99 
46 47 48 -99 -99 
46 16 47 49 -99 
46 47 48 329 -99 
46 50 47 71 -99 
46 82 47 48 -99 
46 50 47 48 -99 
46 82 47 48 -99 
46 50 47 48 -99 
46 47 62 48 -99 
46 51 47 48 -99 
46 16 47 48 -99 
46 67 47 49 -99 
46 51 47 48 -99 
46 47 48 -99 -99 
46 16 47 49 -99 
46 16 47 -99 -99 
46 16 47 -99 -99 
46 25 47 48 -99 
46 47 48 31 -99 
46 50 47 48 -99 
46 47 62 48 -99 
46 47 62 48 -99 
46 50 47 48 -99 
46 65 47 -99 -99 
46 82 47 48 -99 
46 16 47 49 -99 
46 28 47 92 -99 
46 16 47 -99 -99 
46 67 47 49 -99 
46 13 47 306 -99 
46 47 147 48 -99 
46 47 48 -99 -99 
46 47 48 -99 -99 
46 67 47 48 -99 
46 50 47 48 -99 
46 16 47 49 -99 
46 82 47 48 -99 
46 47 62 48 -99 
46 51 47 48 -99 
58 2 123 -99 -99 
6 2 331 252 -99 
13 7 -99 -99 -99 
28 216 -99 -99 -99 
6 2 3 7 -99 
58 16 21 -99 -99 
162 59 332 73 -99 
2 57 145 5 -99 
28 13 128 -99 -99 
55 60 7 5 -99 
2 91 133 7 -99 
58 16 2 -99 -99 
28 3 126 151 -99 
227 28 111 126 -99 
6 2 48 145 -99 
6 2 32 3 -99 
333 317 13 92 -99 
192 13 334 -99 -99 
2 62 252 -99 -99 
6 16 3 7 -99 
13 7 5 -99 -99 
26 57 62 5 -99 
28 222 13 151 -99 
13 126 -99 -99 -99 
2 3 145 -99 -99 
155 143 13 62 -99 
6 2 73 3 -99 
176 335 -99 -99 -99 
13 151 5 -99 -99 
2 331 3 145 -99 
28 250 151 121 -99 
221 13 57 5 -99 
58 189 -99 -99 -99 
16 189 97 7 -99 
170 13 57 5 -99 
28 1 13 126 -99 
28 124 151 5 -99 
155 28 152 3 -99 
155 28 90 173 -99 
28 131 3 151 -99 
28 142 187 5 -99 
28 170 38 3 -99 
28 13 306 -99 -99 
28 13 151 -99 -99 
28 151 121 -99 -99 
28 173 178 -99 -99 
169 171 13 137 -99 
28 124 38 126 -99 
2 3 145 89 -99 
28 88 2 3 -99 
28 171 2 3 -99 
13 73 203 -99 -99 
28 13 3 151 -99 
28 38 3 151 -99 
57 326 7 5 -99 
28 6 3 151 -99 
151 7 -99 -99 -99 
28 13 126 151 -99 
28 150 13 3 -99 
28 171 7 145 -99 
63 64 133 -99 -99 
105 2 331 5 -99 
21 2 3 7 -99 
2 57 145 5 -99 
28 13 336 121 -99 
82 2 62 3 7 
28 13 125 233 -99 
28 1 13 126 -99 
73 62 60 5 -99 
59 73 -99 -99 -99 
58 2 335 7 -99 
2 331 3 48 -99 
6 2 331 3 -99 
28 126 151 7 -99 
65 124 13 334 -99 
6 337 2 145 -99 
58 2 62 121 -99 
28 171 2 138 -99 
171 222 13 -99 -99 
28 171 13 199 -99 
338 115 7 -99 -99 
111 13 126 121 -99 
28 139 171 -99 -99 
2 32 3 48 -99 
28 13 151 5 -99 
28 2 151 7 -99 
173 121 123 -99 -99 
157 2 13 225 -99 
2 91 48 -99 -99 
13 126 -99 -99 -99 
333 13 -99 -99 -99 
339 13 -99 -99 -99 
339 13 -99 -99 -99 
339 192 13 -99 -99 
339 192 13 -99 -99 
139 339 13 -99 -99 
13 151 334 -99 -99 
13 7 334 -99 -99 
13 151 334 -99 -99 
309 13 -99 -99 -99 
340 13 197 334 -99 
192 13 -99 -99 -99 
13 89 -99 -99 -99 
13 115 -99 -99 -99 
340 333 13 -99 -99 
13 62 -99 -99 -99 
176 340 13 225 -99 
340 13 -99 -99 -99 
28 340 13 -99 -99 
51 340 13 334 -99 
13 133 151 -99 -99 
333 13 -99 -99 -99 
93 340 13 334 -99 
340 13 -99 -99 -99 
340 333 13 -99 -99 
340 13 334 -99 -99 
340 13 151 -99 -99 
93 340 13 334 -99 
340 13 -99 -99 -99 
339 340 13 -99 -99 
340 13 248 334 -99 
339 340 13 -99 -99 
192 340 333 13 -99 
340 13 334 -99 -99 
340 333 13 -99 -99 
340 13 248 334 -99 
148 340 333 13 -99 
192 340 333 13 -99 
13 151 334 -99 -99 
139 339 13 -99 -99 
333 13 -99 -99 -99 
13 334 -99 -99 -99 
93 333 13 -99 -99 
333 13 -99 -99 -99 
13 334 -99 -99 -99 
333 13 -99 -99 -99 
192 333 13 -99 -99 
70 333 13 -99 -99 
333 13 341 -99 -99 
139 342 13 -99 -99 
13 7 89 -99 -99 
13 334 -99 -99 -99 
13 7 334 -99 -99 
139 333 13 -99 -99 
139 13 -99 -99 -99 
139 13 -99 -99 -99 
139 333 13 -99 -99 
59 333 13 -99 -99 
192 13 -99 -99 -99 
179 13 334 -99 -99 
192 333 13 -99 -99 
139 339 13 -99 -99 
13 334 -99 -99 -99 
339 13 -99 -99 -99 
13 89 -99 -99 -99 
11 333 13 -99 -99 
13 7 -99 -99 -99 
339 13 243 -99 -99 
13 7 5 -99 -99 
13 334 -99 -99 -99 
68 333 13 -99 -99 
93 339 13 -99 -99 
93 13 334 -99 -99 
192 333 13 -99 -99 
343 13 5 -99 -99 
343 182 13 -99 -99 
343 70 13 334 -99 
343 342 13 334 -99 
343 13 -99 -99 -99 
343 13 334 -99 -99 
343 13 -99 -99 -99 
13 121 -99 -99 -99 
195 13 -99 -99 -99 
195 13 -99 -99 -99 
13 234 -99 -99 -99 
192 13 334 -99 -99 
13 334 -99 -99 -99 
333 13 -99 -99 -99 
333 13 344 -99 -99 
13 -99 -99 -99 -99 
58 222 13 -99 -99 
6 21 171 -99 -99 
171 222 13 7 -99 
345 13 336 -99 -99 
202 336 177 -99 -99 
169 336 177 197 -99 
336 197 -99 -99 -99 
21 142 3 7 -99 
345 333 13 336 -99 
194 342 13 -99 -99 
171 222 13 234 -99 
2 48 151 -99 -99 
171 199 336 177 -99 
336 -99 -99 -99 -99 
268 222 13 -99 -99 
345 6 171 3 -99 
169 13 -99 -99 -99 
6 16 3 151 -99 
345 171 131 3 -99 
2 3 151 -99 -99 
16 142 3 121 -99 
6 131 3 -99 -99 
178 142 3 234 -99 
345 6 3 151 -99 
6 131 3 151 -99 
199 336 92 -99 -99 
191 2 234 -99 -99 
169 131 3 -99 -99 
13 3 151 7 -99 
169 62 152 133 -99 
169 6 3 -99 -99 
143 142 121 -99 -99 
6 21 168 -99 -99 
13 121 -99 -99 -99 
169 197 151 -99 -99 
13 131 3 151 -99 
158 142 13 -99 -99 
143 -99 -99 -99 -99 
90 183 121 -99 -99 
222 13 133 123 -99 
158 336 5 -99 -99 
131 151 7 -99 -99 
169 152 197 -99 -99 
16 3 151 7 -99 
222 13 121 123 -99 
169 142 197 -99 -99 
183 133 151 -99 -99 
345 168 131 3 -99 
169 133 -99 -99 -99 
169 13 152 197 -99 
28 73 131 3 -99 
168 3 151 7 -99 
169 197 -99 -99 -99 
222 13 151 -99 -99 
345 168 151 -99 -99 
345 168 131 3 -99 
13 3 -99 -99 -99 
222 13 151 -99 -99 
169 152 197 133 -99 
131 3 -99 -99 -99 
345 3 151 7 -99 
191 131 3 151 -99 
345 168 7 5 -99 
13 334 -99 -99 -99 
222 168 13 -99 -99 
345 183 59 171 -99 
169 152 197 -99 -99 
345 3 151 7 -99 
183 152 3 -99 -99 
345 158 3 151 -99 
345 16 168 3 -99 
345 6 142 131 -99 
28 3 7 -99 -99 
183 152 7 -99 -99 
345 6 151 5 -99 
183 234 151 7 -99 
169 183 152 -99 -99 
169 183 152 -99 -99 
6 136 142 199 -99 
345 183 152 -99 -99 
199 3 151 7 -99 
88 131 -99 -99 -99 
169 152 133 121 -99 
345 183 152 -99 -99 
336 235 152 133 -99 
131 151 5 -99 -99 
131 3 151 -99 -99 
342 13 3 -99 -99 
169 152 133 -99 -99 
169 152 133 7 -99 
178 153 115 3 -99 
16 153 115 -99 -99 
118 27 3 5 -99 
6 215 27 5 -99 
28 3 5 -99 -99 
26 153 137 5 -99 
12 153 3 5 -99 
28 250 137 346 -99 
6 115 3 -99 -99 
120 3 5 -99 -99 
102 3 123 -99 -99 
12 5 -99 -99 -99 
12 154 3 5 -99 
28 186 216 115 -99 
333 347 142 -99 -99 
128 -99 -99 -99 -99 
12 28 189 5 -99 
28 16 3 322 -99 
12 154 3 5 -99 
12 28 5 -99 -99 
65 153 -99 -99 -99 
12 28 3 5 -99 
28 64 137 123 -99 
28 131 3 137 -99 
28 216 137 123 -99 
12 3 5 -99 -99 
28 7 5 -99 -99 
27 3 5 -99 -99 
223 -99 -99 -99 -99 
13 -99 -99 -99 -99 
72 123 -99 -99 -99 
28 13 126 -99 -99 
28 328 3 292 -99 
118 13 120 5 -99 
176 128 -99 -99 -99 
185 111 120 128 -99 
209 156 13 5 -99 
12 143 13 5 -99 
3 7 -99 -99 -99 
12 28 88 5 -99 
30 7 5 -99 -99 
153 347 13 115 -99 
102 -99 -99 -99 -99 
115 292 7 -99 -99 
28 16 13 3 -99 
153 91 123 -99 -99 
185 13 -99 -99 -99 
153 13 -99 -99 -99 
28 153 3 7 -99 
16 3 7 119 -99 
216 115 7 -99 -99 
158 16 153 3 -99 
69 153 347 123 -99 
213 13 128 -99 -99 
53 62 5 -99 -99 
216 153 13 7 -99 
314 13 7 -99 -99 
188 65 170 -99 -99 
16 121 -99 -99 -99 
16 88 230 13 -99 
342 153 347 13 -99 
88 347 13 3 -99 
16 347 341 -99 -99 
65 240 299 -99 -99 
240 13 341 -99 -99 
240 13 -99 -99 -99 
240 13 341 -99 -99 
240 13 128 -99 -99 
240 13 -99 -99 -99 
240 128 7 123 -99 
3 7 5 -99 -99 
135 16 21 3 -99 
135 348 3 5 -99 
127 13 232 7 -99 
85 16 3 7 -99 
16 216 7 -99 -99 
16 3 326 119 -99 
193 91 3 7 -99 
59 16 189 7 -99 
88 13 5 -99 -99 
341 141 3 7 -99 
36 245 13 -99 -99 
13 128 -99 -99 -99 
296 62 3 5 -99 
6 38 27 3 -99 
12 118 3 5 -99 
12 212 215 3 -99 
127 29 13 -99 -99 
13 115 125 7 -99 
65 38 3 -99 -99 
134 349 322 121 -99 
134 349 322 121 -99 
134 349 322 121 -99 
134 349 322 121 -99 
134 349 322 121 -99 
134 349 322 121 -99 
134 349 322 121 -99 
134 349 322 121 -99 
134 349 322 121 -99 
134 349 322 121 -99 
134 349 322 121 -99 
134 349 322 121 -99 
134 349 322 121 -99 
134 349 322 121 -99 
134 349 322 121 -99 
134 349 322 121 -99 
134 349 322 350 -99 
134 349 322 350 -99 
134 349 351 322 -99 
134 349 351 322 -99 
134 349 351 322 -99 
134 349 322 121 -99 
134 349 322 -99 -99 
134 349 351 322 -99 
134 349 351 322 -99 
134 352 351 322 -99 
134 352 351 322 -99 
134 352 351 322 -99 
134 322 350 -99 -99 
134 322 350 -99 -99 
134 351 322 -99 -99 
134 322 7 -99 -99 
134 322 7 -99 -99 
134 322 350 -99 -99 
134 322 350 -99 -99 
134 322 350 -99 -99 
134 16 322 -99 -99 
134 16 322 -99 -99 
134 16 322 -99 -99 
134 322 350 -99 -99 
134 322 350 -99 -99 
134 352 322 350 -99 
134 322 -99 -99 -99 
134 351 322 -99 -99 
134 352 322 350 -99 
134 322 -99 -99 -99 
134 352 351 322 -99 
134 322 -99 -99 -99 
134 322 -99 -99 -99 
134 322 -99 -99 -99 
134 322 -99 -99 -99 
134 322 -99 -99 -99 
134 322 350 -99 -99 
134 322 350 -99 -99 
134 322 350 -99 -99 
134 322 350 -99 -99 
134 322 350 -99 -99 
134 322 350 -99 -99 
134 322 -99 -99 -99 
134 351 322 -99 -99 
134 352 322 350 -99 
134 322 350 -99 -99 
134 16 322 -99 -99 
134 16 322 -99 -99 
134 16 322 -99 -99 
134 322 350 -99 -99 
134 65 322 -99 -99 
134 16 322 -99 -99 
134 65 352 322 -99 
134 352 322 350 -99 
134 352 322 350 -99 
134 352 351 322 -99 
134 349 16 322 -99 
134 352 351 322 -99 
134 16 352 322 -99 
134 352 322 350 -99 
134 16 352 322 -99 
134 352 351 322 -99 
134 352 322 350 -99 
134 16 352 322 -99 
134 351 322 -99 -99 
134 351 322 -99 -99 
134 322 350 -99 -99 
134 349 322 -99 -99 
134 352 351 322 -99 
134 352 322 350 -99 
134 352 322 350 -99 
134 322 350 -99 -99 
134 65 -99 -99 -99 
134 65 -99 -99 -99 
26 148 3 5 -99 
191 26 353 5 -99 
26 7 -99 -99 -99 
191 26 353 5 -99 
191 26 3 -99 -99 
191 26 137 133 -99 
26 92 -99 -99 -99 
26 2 5 -99 -99 
191 26 13 353 -99 
191 26 133 220 -99 
26 134 7 -99 -99 
191 26 28 133 -99 
191 26 5 -99 -99 
191 26 53 5 -99 
26 3 5 -99 -99 
191 26 3 133 -99 
191 26 -99 -99 -99 
191 26 188 5 -99 
12 26 62 -99 -99 
191 26 125 5 -99 
191 26 353 5 -99 
191 26 135 133 -99 
155 26 152 5 -99 
26 193 3 -99 -99 
191 26 1 3 -99 
26 3 353 -99 -99 
191 11 26 353 -99 
191 26 5 -99 -99 
12 26 5 -99 -99 
26 134 -99 -99 -99 
3 7 5 -99 -99 
26 5 -99 -99 -99 
8 26 1 5 -99 
26 5 -99 -99 -99 
191 26 4 7 -99 
191 26 133 114 -99 
26 1 -99 -99 -99 
26 135 3 207 -99 
26 7 5 -99 -99 
26 2 -99 -99 -99 
26 7 5 -99 -99 
26 189 5 -99 -99 
26 199 5 -99 -99 
191 26 133 5 -99 
191 26 -99 -99 -99 
191 26 -99 -99 -99 
26 6 -99 -99 -99 
14 26 3 7 -99 
191 12 26 353 -99 
26 3 5 -99 -99 
26 5 -99 -99 -99 
26 71 5 -99 -99 
191 26 133 5 -99 
26 133 121 5 -99 
26 5 -99 -99 -99 
191 12 26 5 -99 
12 89 5 -99 -99 
26 328 -99 -99 -99 
191 26 53 133 -99 
26 3 5 -99 -99 
191 26 133 5 -99 
26 178 5 -99 -99 
28 3 5 -99 -99 
26 3 -99 -99 -99 
26 7 5 -99 -99 
191 26 133 -99 -99 
12 26 5 -99 -99 
191 12 26 5 -99 
191 26 59 353 -99 
26 3 5 -99 -99 
26 30 5 -99 -99 
26 3 5 -99 -99 
26 3 5 -99 -99 
12 26 5 -99 -99 
26 5 -99 -99 -99 
26 134 81 -99 -99 
191 26 353 5 -99 
191 12 26 353 -99 
26 2 353 -99 -99 
191 26 353 -99 -99 
26 5 -99 -99 -99 
191 12 26 353 -99 
191 26 30 353 -99 
191 12 26 353 -99 
12 59 5 -99 -99 
12 5 -99 -99 -99 
26 59 5 -99 -99 
26 13 328 -99 -99 
3 5 -99 -99 -99 
191 26 353 -99 -99 
26 5 92 -99 -99 
21 354 5 -99 -99 
354 7 5 -99 -99 
12 212 354 5 -99 
2 354 5 -99 -99 
2 57 354 5 -99 
6 21 2 354 -99 
2 13 354 7 -99 
6 2 354 71 -99 
9 2 354 5 -99 
1 354 207 -99 -99 
28 1 59 354 -99 
26 2 354 5 -99 
204 58 354 5 -99 
2 13 354 5 -99 
2 13 354 -99 -99 
21 2 354 5 -99 
59 2 354 5 -99 
2 57 354 5 -99 
354 89 5 -99 -99 
12 2 354 5 -99 
2 354 5 -99 -99 
2 354 89 5 -99 
21 354 5 -99 -99 
21 354 5 -99 -99 
21 62 354 5 -99 
55 2 354 5 -99 
2 354 5 -99 -99 
354 7 5 -99 -99 
2 354 7 5 -99 
2 57 354 5 -99 
21 154 354 5 -99 
2 354 48 103 -99 
2 354 5 -99 -99 
354 89 5 -99 -99 
2 57 354 5 -99 
354 114 7 5 -99 
204 16 88 354 -99 
354 114 7 5 -99 
11 83 354 5 -99 
21 354 89 5 -99 
21 88 354 5 -99 
2 354 5 -99 -99 
354 226 71 5 -99 
324 2 354 -99 -99 
26 21 354 5 -99 
2 354 226 71 -99 
12 59 354 5 -99 
59 21 13 354 -99 
57 354 114 5 -99 
58 2 354 114 -99 
28 354 126 114 -99 
9 2 354 5 -99 
354 7 5 -99 -99 
104 2 354 5 -99 
2 57 354 5 -99 
6 58 21 354 -99 
30 354 5 -99 -99 
85 354 5 -99 -99 
21 354 114 5 -99 
59 21 354 7 -99 
135 29 354 133 -99 
135 354 133 121 -99 
135 180 354 133 -99 
354 71 145 5 -99 
58 21 354 145 -99 
26 57 354 5 -99 
106 58 21 354 -99 
21 354 7 -99 -99 
188 1 354 7 -99 
28 1 354 126 -99 
135 21 354 7 -99 
26 57 354 5 -99 
26 57 354 5 -99 
26 57 354 5 -99 
135 57 354 5 -99 
12 1 354 5 -99 
354 27 114 5 -99 
188 1 354 5 -99 
188 132 354 133 -99 
1 354 126 7 -99 
1 180 354 122 -99 
12 21 354 5 -99 
204 216 13 354 -99 
219 13 354 7 -99 
58 88 354 7 -99 
12 6 354 5 -99 
135 57 354 5 -99 
21 2 354 5 -99 
21 62 354 5 -99 
2 3 48 5 -99 
2 3 48 7 -99 
2 3 48 5 -99 
2 53 3 5 -99 
2 3 7 5 -99 
2 53 3 5 -99 
9 2 3 48 -99 
6 2 3 7 -99 
6 189 3 5 -99 
236 2 189 5 -99 
23 2 7 5 -99 
2 3 7 5 -99 
2 3 48 7 -99 
2 3 48 7 -99 
6 2 3 7 -99 
6 2 3 7 -99 
236 2 3 7 -99 
51 268 144 7 -99 
59 16 2 48 -99 
273 2 3 7 -99 
6 2 3 7 -99 
2 3 48 7 -99 
189 3 7 5 -99 
2 189 3 7 -99 
236 2 48 7 -99 
6 2 3 7 -99 
6 2 189 3 -99 
2 189 3 7 -99 
2 189 3 7 -99 
6 2 3 5 -99 
189 48 7 5 -99 
236 189 3 7 -99 
6 189 3 7 -99 
2 3 44 7 -99 
6 2 3 7 -99 
6 3 7 5 -99 
6 3 48 5 -99 
2 3 48 7 -99 
2 3 48 7 -99 
273 55 7 5 -99 
6 2 3 7 -99 
324 273 48 7 -99 
2 48 7 5 -99 
2 3 48 7 -99 
2 3 48 7 -99 
110 189 3 7 -99 
6 2 3 7 -99 
6 314 189 3 -99 
6 2 189 3 -99 
6 2 3 48 -99 
65 59 54 189 -99 
324 46 189 7 -99 
2 226 3 71 -99 
2 189 3 48 -99 
2 3 48 7 -99 
6 2 3 48 -99 
56 189 7 5 -99 
65 59 54 189 -99 
2 189 13 48 -99 
6 2 189 3 -99 
6 2 13 3 -99 
6 2 3 48 -99 
6 2 102 3 -99 
314 2 3 7 -99 
6 2 3 7 -99 
2 3 7 5 -99 
6 2 3 7 -99 
9 189 62 5 -99 
6 2 189 3 -99 
2 3 48 7 -99 
6 2 3 5 -99 
6 2 3 7 -99 
26 189 62 5 -99 
6 2 3 7 -99 
6 2 3 7 -99 
6 2 3 7 -99 
6 2 3 5 -99 
2 3 7 5 -99 
2 189 3 7 -99 
6 2 3 5 -99 
6 2 189 3 -99 
6 2 3 48 -99 
2 189 3 7 -99 
2 3 48 7 -99 
2 3 7 5 -99 
2 57 3 7 -99 
2 3 48 7 -99 
2 3 48 7 -99 
6 2 3 7 -99 
2 189 3 7 -99 
309 13 7 92 -99 
9 71 5 -99 -99 
157 13 7 -99 -99 
16 172 7 -99 -99 
88 70 2 3 -99 
14 16 63 7 -99 
58 16 3 7 -99 
16 107 62 3 -99 
221 3 308 290 -99 
355 356 129 -99 -99 
105 244 107 220 -99 
16 115 145 -99 -99 
23 14 3 -99 -99 
88 70 7 145 -99 
16 189 7 289 -99 
82 121 92 -99 -99 
309 65 13 344 -99 
189 62 3 -99 -99 
88 70 7 89 -99 
28 13 121 -99 -99 
124 70 3 7 -99 
124 70 13 3 -99 
63 189 62 3 -99 
14 221 141 7 -99 
134 221 115 3 -99 
124 54 13 344 -99 
68 13 115 -99 -99 
154 74 7 5 -99 
28 154 3 7 -99 
172 244 84 220 -99 
14 16 3 -99 -99 
14 260 3 7 -99 
14 90 54 7 -99 
130 54 13 -99 -99 
63 88 70 -99 -99 
65 13 -99 -99 -99 
28 154 74 5 -99 
16 189 -99 -99 -99 
58 16 289 -99 -99 
63 62 3 -99 -99 
14 3 7 -99 -99 
16 63 13 92 -99 
14 16 7 -99 -99 
130 13 -99 -99 -99 
357 62 3 -99 -99 
16 63 7 -99 -99 
28 74 5 -99 -99 
124 13 -99 -99 -99 
70 2 7 145 -99 
250 62 3 -99 -99 
14 172 3 7 -99 
16 7 5 -99 -99 
250 82 41 121 -99 
221 3 290 5 -99 
23 14 7 5 -99 
93 13 115 7 -99 
16 3 7 -99 -99 
58 16 3 -99 -99 
13 -99 -99 -99 -99 
28 106 245 -99 -99 
124 70 3 7 -99 
16 3 5 -99 -99 
16 7 289 -99 -99 
16 189 91 -99 -99 
82 192 121 -99 -99 
58 172 2 145 -99 
201 3 7 121 -99 
62 3 7 -99 -99 
201 62 7 -99 -99 
201 3 207 7 -99 
6 172 2 3 -99 
124 157 13 -99 -99 
28 70 7 145 -99 
9 3 7 5 -99 
14 16 7 -99 -99 
106 16 63 2 -99 
288 13 3 7 -99 
14 6 3 7 -99 
58 16 3 289 -99 
14 3 7 -99 -99 
58 172 7 -99 -99 
88 70 13 -99 -99 
16 3 7 -99 -99 
65 62 3 -99 -99 
28 13 248 247 -99 
84 5 220 -99 -99 
3 7 121 -99 -99 
53 3 7 5 -99 
58 16 289 -99 -99 
59 15 73 -99 -99 
51 132 133 -99 -99 
16 303 132 133 -99 
158 16 132 133 -99 
16 132 133 -99 -99 
6 132 152 133 -99 
6 132 133 -99 -99 
235 132 152 -99 -99 
132 133 123 -99 -99 
219 142 132 133 -99 
142 132 133 7 -99 
142 132 7 -99 -99 
142 132 133 7 -99 
142 132 133 7 -99 
16 303 115 132 -99 
303 132 133 346 -99 
2 132 151 7 -99 
132 133 151 7 -99 
2 132 7 -99 -99 
219 132 133 151 -99 
219 132 133 7 -99 
132 152 133 -99 -99 
132 152 133 -99 -99 
235 132 152 133 -99 
235 132 152 133 -99 
132 133 151 -99 -99 
235 132 152 133 -99 
132 3 133 151 -99 
219 132 133 151 -99 
132 7 121 -99 -99 
235 132 121 -99 -99 
235 132 121 -99 -99 
6 132 138 133 -99 
6 132 133 7 -99 
6 132 133 -99 -99 
6 132 133 -99 -99 
82 132 152 133 -99 
6 303 132 133 -99 
6 303 132 133 -99 
303 132 133 -99 -99 
303 132 133 -99 -99 
303 132 133 -99 -99 
219 303 132 133 -99 
6 303 132 133 -99 
132 133 5 -99 -99 
132 113 3 5 -99 
132 113 133 5 -99 
16 132 3 133 -99 
132 133 7 5 -99 
106 219 132 133 -99 
11 16 132 133 -99 
6 16 2 132 -99 
303 132 138 -99 -99 
132 133 151 121 -99 
132 3 133 151 -99 
2 303 132 -99 -99 
303 132 138 133 -99 
51 132 133 -99 -99 
132 152 133 121 -99 
164 132 152 133 -99 
132 152 133 -99 -99 
6 303 132 -99 -99 
6 303 132 133 -99 
132 133 7 -99 -99 
6 303 132 133 -99 
132 3 133 151 -99 
132 3 133 151 -99 
183 132 152 133 -99 
132 133 151 -99 -99 
132 152 133 -99 -99 
132 152 121 -99 -99 
28 132 133 -99 -99 
28 149 132 133 -99 
149 132 7 -99 -99 
303 132 133 -99 -99 
82 132 152 133 -99 
235 132 152 -99 -99 
13 132 133 -99 -99 
106 303 132 133 -99 
1 16 132 133 -99 
132 152 133 -99 -99 
333 132 152 133 -99 
132 152 133 -99 -99 
16 132 133 -99 -99 
6 132 133 -99 -99 
158 142 132 133 -99 
16 132 133 -99 -99 
16 2 132 133 -99 
235 132 152 133 -99 
6 132 3 133 -99 
6 132 138 133 -99 
298 113 5 -99 -99 
298 5 -99 -99 -99 
62 298 -99 -99 -99 
65 51 298 -99 -99 
254 65 51 298 -99 
65 358 62 298 -99 
358 62 298 -99 -99 
358 62 298 -99 -99 
358 62 298 -99 -99 
254 182 62 298 -99 
294 83 3 5 -99 
294 21 83 3 -99 
359 294 83 -99 -99 
294 83 3 5 -99 
294 83 3 5 -99 
53 5 -99 -99 -99 
11 5 320 -99 -99 
294 21 83 3 -99 
294 83 3 7 -99 
294 83 3 -99 -99 
294 21 83 3 -99 
294 2 83 3 -99 
173 294 83 -99 -99 
293 294 21 83 -99 
294 21 83 3 -99 
294 57 5 -99 -99 
106 294 83 -99 -99 
294 21 3 -99 -99 
23 294 83 -99 -99 
23 3 5 -99 -99 
23 5 -99 -99 -99 
23 294 5 -99 -99 
23 294 83 -99 -99 
94 3 -99 -99 -99 
23 5 -99 -99 -99 
23 65 -99 -99 -99 
23 -99 -99 -99 -99 
23 62 5 -99 -99 
28 265 -99 -99 -99 
23 265 5 -99 -99 
23 265 5 -99 -99 
23 265 5 -99 -99 
23 65 265 -99 -99 
23 65 51 265 -99 
294 62 83 5 -99 
94 79 62 3 -99 
11 94 5 -99 -99 
12 294 27 -99 -99 
62 133 -99 -99 -99 
293 54 -99 -99 -99 
6 94 236 3 -99 
9 3 145 5 -99 
21 84 83 3 -99 
293 62 83 -99 -99 
295 6 62 3 -99 
295 6 3 145 -99 
293 21 3 -99 -99 
293 21 3 -99 -99 
56 57 7 5 -99 
8 315 83 5 -99 
21 315 5 -99 -99 
21 315 -99 -99 -99 
359 293 64 -99 -99 
359 293 83 -99 -99 
65 51 263 -99 -99 
65 263 83 -99 -99 
65 263 83 -99 -99 
23 293 83 -99 -99 
23 65 51 -99 -99 
359 65 51 -99 -99 
294 21 83 3 -99 
65 62 83 313 -99 
293 73 83 -99 -99 
293 83 7 -99 -99 
65 360 73 -99 -99 
300 221 317 7 -99 
293 221 51 308 -99 
221 51 308 290 -99 
293 64 -99 -99 -99 
288 360 62 5 -99 
293 83 3 -99 -99 
359 293 361 83 -99 
360 62 5 -99 -99 
51 53 5 -99 -99 
83 64 -99 -99 -99 
14 362 3 7 -99 
65 51 164 -99 -99 
293 164 62 -99 -99 
268 62 5 -99 -99 
293 164 62 -99 -99 
33 34 3 -99 -99 
6 33 34 -99 -99 
6 33 34 -99 -99 
6 33 34 -99 -99 
6 33 34 -99 -99 
33 34 3 -99 -99 
33 2 34 -99 -99 
33 34 44 -99 -99 
33 34 3 -99 -99 
6 33 34 -99 -99 
33 34 3 -99 -99 
33 34 3 -99 -99 
33 34 71 -99 -99 
6 33 34 -99 -99 
33 34 35 -99 -99 
33 34 35 -99 -99 
33 34 -99 -99 -99 
33 34 7 -99 -99 
54 33 34 -99 -99 
33 34 3 -99 -99 
6 33 34 -99 -99 
34 41 -99 -99 -99 
33 34 3 -99 -99 
19 33 34 -99 -99 
6 33 34 -99 -99 
33 34 -99 -99 -99 
33 34 44 -99 -99 
33 34 3 -99 -99 
33 34 3 -99 -99 
54 33 34 -99 -99 
33 34 3 -99 -99 
33 34 3 -99 -99 
6 33 34 -99 -99 
33 13 34 -99 -99 
33 34 3 -99 -99 
33 34 3 -99 -99 
6 33 34 -99 -99 
33 34 -99 -99 -99 
6 33 34 -99 -99 
33 34 -99 -99 -99 
6 33 34 -99 -99 
6 33 34 -99 -99 
33 34 3 -99 -99 
6 33 34 -99 -99 
33 34 3 -99 -99 
6 33 34 -99 -99 
54 33 34 -99 -99 
33 34 35 -99 -99 
33 34 35 -99 -99 
33 34 44 -99 -99 
6 33 34 -99 -99 
6 33 34 -99 -99 
33 34 35 -99 -99 
6 34 41 -99 -99 
33 34 -99 -99 -99 
33 34 3 -99 -99 
33 34 44 -99 -99 
33 34 3 -99 -99 
33 34 3 -99 -99 
33 34 35 -99 -99 
33 34 -99 -99 -99 
33 34 3 -99 -99 
33 34 35 -99 -99 
39 41 3 -99 -99 
33 34 3 -99 -99 
33 34 35 -99 -99 
33 34 3 -99 -99 
33 34 3 -99 -99 
34 41 3 -99 -99 
6 33 34 -99 -99 
6 33 34 -99 -99 
33 34 3 -99 -99 
33 34 3 -99 -99 
33 34 -99 -99 -99 
33 34 4 -99 -99 
33 34 44 -99 -99 
6 33 34 -99 -99 
33 34 -99 -99 -99 
33 34 3 -99 -99 
33 34 3 -99 -99 
33 34 3 -99 -99 
33 34 44 -99 -99 
6 33 34 -99 -99 
34 41 3 -99 -99 
33 34 35 -99 -99 
33 34 35 -99 -99 
33 34 -99 -99 -99 
33 34 3 -99 -99 
6 33 34 -99 -99 
39 363 -99 -99 -99 
11 13 253 -99 -99 
11 83 3 5 -99 
13 83 218 5 -99 
11 13 83 5 -99 
192 13 -99 -99 -99 
11 28 83 5 -99 
11 13 83 5 -99 
11 62 83 5 -99 
11 13 83 5 -99 
11 83 7 5 -99 
11 62 83 5 -99 
11 83 3 5 -99 
11 83 3 7 -99 
13 83 7 5 -99 
11 28 83 5 -99 
11 28 83 5 -99 
11 13 83 5 -99 
11 83 3 5 -99 
12 30 3 5 -99 
11 12 83 5 -99 
13 3 7 5 -99 
11 105 83 5 -99 
13 83 3 5 -99 
11 13 83 5 -99 
11 13 83 218 -99 
11 83 3 5 -99 
11 83 3 5 -99 
30 83 3 7 -99 
11 83 7 5 -99 
11 13 5 -99 -99 
11 83 7 5 -99 
11 83 3 5 -99 
11 13 83 5 -99 
11 83 3 5 -99 
11 83 3 5 -99 
11 13 83 5 -99 
11 62 83 3 -99 
83 3 7 5 -99 
11 83 3 5 -99 
11 13 83 5 -99 
11 13 62 5 -99 
11 13 83 5 -99 
11 13 83 5 -99 
11 13 83 5 -99 
11 83 3 5 -99 
12 83 3 5 -99 
11 83 3 5 -99 
11 15 7 5 -99 
11 3 7 -99 -99 
11 13 83 5 -99 
185 13 83 5 -99 
13 95 3 5 -99 
23 13 83 5 -99 
11 13 3 5 -99 
28 95 83 7 -99 
11 13 83 5 -99 
70 83 3 7 -99 
11 79 13 5 -99 
11 13 83 5 -99 
11 83 3 5 -99 
11 13 7 5 -99 
11 13 83 218 -99 
13 62 3 7 -99 
11 28 83 3 -99 
11 83 3 5 -99 
11 13 83 3 -99 
28 62 7 5 -99 
13 62 83 5 -99 
11 83 3 218 -99 
11 28 83 5 -99 
11 13 83 -99 -99 
13 83 3 5 -99 
11 83 218 5 -99 
11 28 83 5 -99 
11 13 83 5 -99 
11 13 83 5 -99 
13 83 218 5 -99 
11 13 95 3 -99 
62 95 83 5 -99 
62 95 83 5 -99 
13 83 7 5 -99 
11 13 83 -99 -99 
11 28 83 5 -99 
11 28 7 5 -99 
11 13 83 7 -99 
95 83 3 5 -99 
11 62 3 5 -99 
13 83 7 5 -99 
11 13 83 5 -99 
11 83 3 5 -99 
254 273 58 7 -99 
273 275 48 7 -99 
254 273 48 7 -99 
254 273 58 7 -99 
254 273 58 7 -99 
254 273 48 7 -99 
254 273 55 7 -99 
254 273 58 16 -99 
309 266 271 16 -99 
266 16 3 48 -99 
309 266 271 16 -99 
14 106 99 48 -99 
65 266 55 51 -99 
266 271 55 7 -99 
266 236 7 -99 -99 
99 62 48 81 -99 
182 58 16 276 -99 
254 58 276 5 -99 
364 276 7 5 -99 
254 58 16 276 -99 
2 62 48 -99 -99 
293 62 3 -99 -99 
293 62 -99 -99 -99 
3 48 7 -99 -99 
106 62 48 -99 -99 
3 48 7 -99 -99 
300 51 268 -99 -99 
6 3 48 -99 -99 
365 366 7 -99 -99 
309 364 83 -99 -99 
314 2 62 7 -99 
359 16 21 3 -99 
359 106 58 16 -99 
359 58 16 21 -99 
359 65 51 268 -99 
359 2 62 48 -99 
106 16 62 316 -99 
309 67 7 316 -99 
51 62 7 316 -99 
55 51 48 316 -99 
110 55 62 7 -99 
16 263 69 365 -99 
110 3 48 7 -99 
58 16 365 256 -99 
309 46 67 66 -99 
46 66 7 5 -99 
309 46 67 66 -99 
46 65 66 51 -99 
46 66 5 -99 -99 
46 66 5 -99 -99 
65 319 -99 -99 -99 
58 16 54 313 -99 
3 48 7 -99 -99 
16 5 -99 -99 -99 
14 51 5 -99 -99 
51 69 5 -99 -99 
25 16 -99 -99 -99 
309 25 3 -99 -99 
51 7 308 -99 -99 
14 3 7 -99 -99 
69 319 48 7 -99 
58 16 51 321 -99 
263 69 365 7 -99 
51 62 4 -99 -99 
54 313 7 -99 -99 
58 16 7 -99 -99 
51 69 -99 -99 -99 
105 109 99 62 -99 
99 62 102 3 -99 
106 99 16 100 -99 
309 358 298 48 -99 
309 358 298 48 -99 
309 358 298 48 -99 
309 67 311 7 -99 
309 67 69 311 -99 
311 62 48 7 -99 
96 65 51 7 -99 
96 109 51 62 -99 
51 263 69 365 -99 
367 51 48 7 -99 
14 55 7 -99 -99 
53 62 5 -99 -99 
69 365 7 -99 -99 
69 365 7 -99 -99 
263 73 365 4 -99 
365 -99 -99 -99 -99 
263 69 365 7 -99 
263 365 -99 -99 -99 
293 365 366 -99 -99 
293 365 83 366 -99 
368 13 22 -99 -99 
368 13 22 -99 -99 
157 13 -99 -99 -99 
59 79 74 -99 -99 
368 13 22 -99 -99 
368 13 22 -99 -99 
368 13 22 -99 -99 
11 368 13 5 -99 
94 62 5 -99 -99 
11 368 13 5 -99 
368 13 22 -99 -99 
11 3 71 5 -99 
11 13 83 5 -99 
13 113 22 -99 -99 
369 13 74 7 -99 
11 368 7 5 -99 
11 369 13 5 -99 
11 94 369 5 -99 
369 13 -99 -99 -99 
11 369 13 62 -99 
11 94 369 5 -99 
369 3 71 7 -99 
295 369 62 7 -99 
11 369 13 5 -99 
11 369 3 5 -99 
58 21 369 7 -99 
295 45 369 62 -99 
11 369 83 5 -99 
11 369 13 83 -99 
369 3 5 -99 -99 
21 369 7 5 -99 
11 369 83 5 -99 
11 369 13 -99 -99 
295 369 62 3 -99 
59 368 151 7 -99 
11 154 13 -99 -99 
16 154 7 -99 -99 
11 368 3 5 -99 
88 370 153 7 -99 
78 368 371 -99 -99 
11 28 368 13 -99 
28 3 137 -99 -99 
78 368 371 -99 -99 
11 28 368 5 -99 
11 12 368 13 -99 
16 142 7 -99 -99 
78 368 187 -99 -99 
11 368 7 5 -99 
11 12 368 13 -99 
6 38 368 3 -99 
368 74 151 7 -99 
11 368 71 7 -99 
370 74 7 -99 -99 
370 322 292 -99 -99 
158 370 137 -99 -99 
188 16 369 7 -99 
372 370 373 5 -99 
11 370 13 7 -99 
28 370 -99 -99 -99 
16 369 7 -99 -99 
11 370 13 5 -99 
11 12 370 13 -99 
58 370 5 -99 -99 
12 370 5 -99 -99 
11 370 7 5 -99 
11 374 13 -99 -99 
169 370 3 7 -99 
12 370 5 -99 -99 
28 6 374 3 -99 
11 374 7 5 -99 
14 374 64 -99 -99 
374 201 7 5 -99 
11 374 7 5 -99 
374 62 -99 -99 -99 
374 115 3 -99 -99 
56 374 84 7 220 
65 374 -99 -99 -99 
11 374 7 5 -99 
188 374 3 7 -99 
58 374 -99 -99 -99 
374 62 3 -99 -99 
11 374 7 5 -99 
12 374 3 5 -99 
369 13 -99 -99 -99 
59 369 7 -99 -99 
216 369 13 -99 -99 
12 165 369 13 -99 
285 59 370 73 -99 
369 13 -99 -99 -99 
323 179 -99 -99 -99 
